	1	2	3	4	5	6	7	8	9	10	11	20	21	22	23	24	25	26	27	28	29	30	31	32	33	34	35	36	37	38	39	40	41	42	43	44	45	46	47	48	49	50	51	52	53	54	55	56	57	58	59	60	61	62	63	64	65	66	68	69	70	71	72	73	74	75
Lung_F1_* - Adapter 1	1.9626867254889406	0.5979073013012441	0.2049033621432398	15.064556902651153	5.2623990915150465	0.4222459217126832	0.5182493284879128	0.05687203791469194	0.4424778761061947	211.6161616161616	2400.612244897959	25.0	41.0	171.0	210.0	32.0	22.0	71.0	83.0	176.0	105.0	129.0	117.0	305.0	382.0	383.0	572.0	222.0	521.0	884.0	564.0	1275.0	771.0	484.0	799.0	935.0	615.0	277.0	489.0	492.0	256.0	919.0	2900.0	1883.0	2685.0	1323.0	1323.0	49.0	27.0	19.0	7.0	7.0	2.0	3.0	4.0	2.0	1.0	2.0	1.0	1.0	1.0	2.0	23.0	30.0	6.0	28.0
	1	2	3	4	5	6	7	8	9	10	11	19	20	21	22	23	24	25	26	27	28	29	30	31	32	33	34	35	36	37	38	39	40	41	42	43	44	45	46	47	48	49	50	51	52	53	54	55	56	57	58	59	60	61	62	63	64	65	66	67	68	69	70	71	72	73	74	75
Lung_F2_* - Adapter 1	2.1466962936378824	0.5825443704087462	0.21736600938135994	16.855183658085295	5.269719258971606	0.416885579185417	0.6368786549707601	0.09502923976608187	0.6871345029239766	193.09941520467834	2231.1627906976746	1.0	21.0	30.0	168.0	196.0	16.0	11.0	56.0	72.0	142.0	104.0	111.0	65.0	213.0	271.0	250.0	542.0	150.0	345.0	579.0	373.0	905.0	703.0	449.0	431.0	644.0	479.0	193.0	316.0	348.0	195.0	661.0	2335.0	1599.0	2380.0	1272.0	1436.0	50.0	19.0	7.0	17.0	7.0	4.0	6.0	4.0	2.0	3.0	1.0	2.0	2.0	3.0	2.0	6.0	19.0	31.0	8.0	32.0
	1	2	3	4	5	6	7	8	9	10	11	20	21	22	23	24	25	26	27	28	29	30	31	32	33	34	35	36	37	38	39	40	41	42	43	44	45	46	47	48	49	50	51	52	53	54	55	56	57	58	59	60	61	62	63	64	67	68	70	71	72	73	74	75
Lung_F3_* - Adapter 1	2.749305859502209	0.24583671634849044	0.12351344651585551	5.511399823297972	2.176050930798997	0.15437811451235636	0.1407533967944024	0.04230393752033843	0.22135416666666669	240.0	3231.25	19.0	26.0	171.0	118.0	25.0	22.0	70.0	85.0	129.0	70.0	105.0	71.0	192.0	269.0	222.0	443.0	204.0	160.0	328.0	1565.0	2177.0	2342.0	2448.0	1348.0	1091.0	642.0	160.0	194.0	181.0	114.0	462.0	1420.0	1041.0	1336.0	726.0	774.0	39.0	10.0	4.0	8.0	2.0	3.0	1.0	2.0	4.0	1.0	4.0	4.0	6.0	23.0	22.0	11.0	28.0
	1	2	3	4	5	6	7	8	9	10	11	18	19	20	21	22	23	24	25	26	27	28	29	30	31	32	33	34	35	36	37	38	39	40	41	42	43	44	45	46	47	48	49	50	51	52	53	54	55	56	57	58	59	60	61	62	63	64	65	66	67	69	70	72	73	74	75
Lung_M1_* - Adapter 1	2.060661286961272	1.6111190965498572	0.15272009353951882	17.00726714833	1.9682909675474731	0.23824068417837507	0.6153549382716049	0.9207818930041152	0.5555555555555556	37.818930041152264	262.78688524590166	1.0	1.0	14.0	13.0	80.0	93.0	8.0	4.0	18.0	22.0	18.0	14.0	19.0	8.0	29.0	50.0	51.0	87.0	76.0	38.0	75.0	67.0	170.0	148.0	147.0	93.0	139.0	88.0	76.0	152.0	181.0	93.0	365.0	1462.0	1360.0	2837.0	1199.0	1615.0	105.0	15.0	14.0	8.0	4.0	4.0	2.0	1.0	1.0	1.0	2.0	1.0	1.0	1.0	4.0	3.0	2.0	12.0
	1	2	3	4	5	6	7	8	9	10	11	12	18	19	20	21	22	23	24	25	26	27	28	29	30	31	32	33	34	35	36	37	38	39	40	41	42	43	44	45	46	47	48	49	50	51	52	53	54	55	56	57	58	59	60	61	62	63	64	66	67	70	71	72	73	74	75
Lung_M2_* - Adapter 1	2.0444844104826134	1.604761814671692	0.1675358963237423	15.398277895793319	2.0061290748882943	0.2405920507472069	0.7000400022858448	0.9165714285714286	0.3839122486288848	70.18315018315018	466.0294117647059	0.5882352941176471	1.0	3.0	22.0	30.0	109.0	145.0	23.0	7.0	22.0	27.0	28.0	5.0	20.0	18.0	31.0	55.0	46.0	98.0	63.0	134.0	72.0	208.0	196.0	208.0	250.0	130.0	201.0	186.0	114.0	172.0	210.0	122.0	490.0	1808.0	1641.0	3082.0	1261.0	1542.0	115.0	31.0	8.0	7.0	7.0	4.0	3.0	1.0	4.0	1.0	1.0	2.0	2.0	2.0	4.0	3.0	21.0
	1	2	3	4	5	6	7	8	9	10	11	12	18	19	20	21	22	23	24	25	26	27	28	29	30	31	32	33	34	35	36	37	38	39	40	41	42	43	44	45	46	47	48	49	50	51	52	53	54	55	56	57	58	59	60	61	62	63	65	67	68	69	72	73	74	75
Lung_M3_* - Adapter 1	2.0944036219917157	1.488656374270799	0.17060986501643335	17.438338727915617	2.075378568052506	0.2558273105824917	0.6772603264251184	0.8539153743059545	0.4058192955589587	85.39877300613496	546.9512195121952	0.5	3.0	1.0	20.0	37.0	84.0	155.0	23.0	7.0	14.0	27.0	17.0	11.0	23.0	20.0	27.0	57.0	59.0	112.0	39.0	76.0	120.0	235.0	288.0	304.0	286.0	166.0	323.0	284.0	150.0	183.0	253.0	153.0	578.0	2206.0	2007.0	4020.0	1760.0	2230.0	162.0	31.0	5.0	10.0	11.0	3.0	4.0	3.0	2.0	1.0	2.0	2.0	2.0	5.0	4.0	20.0

