	1	2	3	4	5	6	7	8	9	10	11	20	21	22	23	24	25	26	27	28	29	30	31	32	33	34	35	36	37	38	39	40	41	42	43	44	45	46	47	48	49	50	51	52	53	54	55	56	57	58	59	60	61	62	63	64	65	66	68	69	70	71	72	73	74	75
Lung_F1_* - Adapter 1	10176303	775020	66400	1220437	106582	2138	656	18	35	4190	11763	25	41	171	210	32	22	71	83	176	105	129	117	305	382	383	572	222	521	884	564	1275	771	484	799	935	615	277	489	492	256	919	2900	1883	2685	1323	1323	49	27	19	7	7	2	3	4	2	1	2	1	1	1	2	23	30	6	28
	1	2	3	4	5	6	7	8	9	10	11	19	20	21	22	23	24	25	26	27	28	29	30	31	32	33	34	35	36	37	38	39	40	41	42	43	44	45	46	47	48	49	50	51	52	53	54	55	56	57	58	59	60	61	62	63	64	65	66	67	68	69	70	71	72	73	74	75
Lung_F2_* - Adapter 1	9623129	652852	60900	1180591	92277	1825	697	26	47	3302	9594	1	21	30	168	196	16	11	56	72	142	104	111	65	213	271	250	542	150	345	579	373	905	703	449	431	644	479	193	316	348	195	661	2335	1599	2380	1272	1436	50	19	7	17	7	4	6	4	2	3	1	2	2	3	2	6	19	31	8	32
	1	2	3	4	5	6	7	8	9	10	11	20	21	22	23	24	25	26	27	28	29	30	31	32	33	34	35	36	37	38	39	40	41	42	43	44	45	46	47	48	49	50	51	52	53	54	55	56	57	58	59	60	61	62	63	64	67	68	70	71	72	73	74	75
Lung_F3_* - Adapter 1	13841280	309414	38864	433546	42794	759	173	13	17	4608	15510	19	26	171	118	25	22	70	85	129	70	105	71	192	269	222	443	204	160	328	1565	2177	2342	2448	1348	1091	642	160	194	181	114	462	1420	1041	1336	726	774	39	10	4	8	2	3	1	2	4	1	4	4	6	23	22	11	28
	1	2	3	4	5	6	7	8	9	10	11	18	19	20	21	22	23	24	25	26	27	28	29	30	31	32	33	34	35	36	37	38	39	40	41	42	43	44	45	46	47	48	49	50	51	52	53	54	55	56	57	58	59	60	61	62	63	64	65	66	67	69	70	72	73	74	75
Lung_M1_* - Adapter 1	13126263	2565678	60801	1692735	48976	1482	957	358	54	919	1603	1	1	14	13	80	93	8	4	18	22	18	14	19	8	29	50	51	87	76	38	75	67	170	148	147	93	139	88	76	152	181	93	365	1462	1360	2837	1199	1615	105	15	14	8	4	4	2	1	1	1	2	1	1	1	4	3	2	12
	1	2	3	4	5	6	7	8	9	10	11	12	18	19	20	21	22	23	24	25	26	27	28	29	30	31	32	33	34	35	36	37	38	39	40	41	42	43	44	45	46	47	48	49	50	51	52	53	54	55	56	57	58	59	60	61	62	63	64	66	67	70	71	72	73	74	75
Lung_M2_* - Adapter 1	14653676	2875500	75050	1724467	56167	1684	1225	401	42	1916	3169	1	1	3	22	30	109	145	23	7	22	27	28	5	20	18	31	55	46	98	63	134	72	208	196	208	250	130	201	186	114	172	210	122	490	1808	1641	3082	1261	1542	115	31	8	7	7	4	3	1	4	1	1	2	2	2	4	3	21
	1	2	3	4	5	6	7	8	9	10	11	12	18	19	20	21	22	23	24	25	26	27	28	29	30	31	32	33	34	35	36	37	38	39	40	41	42	43	44	45	46	47	48	49	50	51	52	53	54	55	56	57	58	59	60	61	62	63	65	67	68	69	72	73	74	75
Lung_M3_* - Adapter 1	17923325	3184877	91252	2331757	69377	2138	1415	446	53	2784	4485	1	3	1	20	37	84	155	23	7	14	27	17	11	23	20	27	57	59	112	39	76	120	235	288	304	286	166	323	284	150	183	253	153	578	2206	2007	4020	1760	2230	162	31	5	10	11	3	4	3	2	1	2	2	2	5	4	20

