	15.0	16.0	17.0	18.0	19.0	20.0	21.0	22.0	23.0	24.0	25.0	26.0	27.0	28.0	29.0	30.0	31.0	32.0	33.0	34.0	35.0
Lung_F1_*	5.0	32.0	109.0	180.0	338.0	1504.0	5567.0	12850.0	20428.0	28224.0	38493.0	58060.0	91393.0	145497.0	221218.0	322550.0	453466.0	670699.0	1168765.0	3894837.0	13605321.0
	15.0	16.0	17.0	18.0	19.0	20.0	21.0	22.0	23.0	24.0	25.0	26.0	27.0	28.0	29.0	30.0	31.0	32.0	33.0	34.0	35.0
Lung_F2_*	7.0	19.0	61.0	124.0	194.0	591.0	1858.0	4590.0	9039.0	15745.0	26284.0	45554.0	76075.0	125218.0	192652.0	282326.0	393640.0	584451.0	1018517.0	3288997.0	11865107.0
	15.0	16.0	17.0	18.0	19.0	20.0	21.0	22.0	23.0	24.0	25.0	26.0	27.0	28.0	29.0	30.0	31.0	32.0	33.0	34.0	35.0
Lung_F3_*	3.0	10.0	37.0	76.0	153.0	479.0	1704.0	4312.0	8742.0	16036.0	28350.0	49098.0	83998.0	133687.0	205776.0	302010.0	422605.0	612643.0	1025958.0	2965889.0	14276288.0
	14.0	15.0	16.0	17.0	18.0	19.0	20.0	21.0	22.0	23.0	24.0	25.0	26.0	27.0	28.0	29.0	30.0	31.0	32.0	33.0	34.0	35.0
Lung_M1_*	4.0	36.0	158.0	212.0	227.0	311.0	658.0	1909.0	4738.0	8916.0	14577.0	24517.0	44024.0	74953.0	124098.0	186649.0	271374.0	375107.0	566158.0	1042012.0	3800598.0	18938474.0
	15.0	16.0	17.0	18.0	19.0	20.0	21.0	22.0	23.0	24.0	25.0	26.0	27.0	28.0	29.0	30.0	31.0	32.0	33.0	34.0	35.0
Lung_M2_*	42.0	133.0	225.0	290.0	407.0	768.0	2178.0	5562.0	10393.0	17594.0	28843.0	51646.0	89012.0	147159.0	222101.0	322491.0	446851.0	673121.0	1230465.0	4426554.0	20993840.0
	14.0	15.0	16.0	17.0	18.0	19.0	20.0	21.0	22.0	23.0	24.0	25.0	26.0	27.0	28.0	29.0	30.0	31.0	32.0	33.0	34.0	35.0
Lung_M3_*	2.0	60.0	180.0	282.0	342.0	453.0	1223.0	3852.0	9687.0	17543.0	25676.0	38876.0	63923.0	106041.0	171708.0	257297.0	372973.0	512330.0	772768.0	1415180.0	5191372.0	25269122.0

