ID	Lung_F1	Lung_F2	Lung_F3	Lung_M1	Lung_M2	Lung_M3	
mmu-miR-297b-5p	1.0	0.0	0.0	4.0	4.0	2.0	
mmu-miR-6962-3p	1.0	0.0	0.0	1.0	0.0	1.0	
mmu-miR-7657-3p	1.0	0.0	0.0	0.0	0.0	0.0	
mmu-miR-7084-5p	2.0	0.0	0.0	1.0	2.0	2.0	
mmu-miR-1843a-3p	28.0	28.0	17.0	94.0	91.0	95.0	
mmu-miR-147-3p	29.0	9.0	6.0	6.0	4.0	18.0	
mmu-miR-5624-5p	0.0	0.0	2.0	1.0	0.0	0.0	
mmu-miR-92a-3p	76540.0	99023.0	49040.0	128414.0	130997.0	162946.0	
mmu-miR-3569-5p	1.0	0.0	0.0	0.0	0.0	0.0	
mmu-miR-3066-3p	1.0	1.0	1.0	0.0	0.0	0.0	
mmu-miR-7072-5p	0.0	0.0	1.0	0.0	0.0	0.0	
mmu-mir-17	31.0	37.0	12.0	46.0	42.0	58.0	
mmu-mir-872	15.0	16.0	8.0	6.0	10.0	6.0	
mmu-mir-874	4.0	1.0	0.0	4.0	4.0	6.0	
mmu-mir-92a-2	117.0	93.0	23.0	88.0	105.0	153.0	
mmu-mir-877	29.0	25.0	9.0	28.0	25.0	28.0	
mmu-mir-879	62.0	50.0	14.0	9.0	10.0	14.0	
mmu-mir-92a-1	2861.0	3790.0	2107.0	2881.0	3242.0	3695.0	
mmu-miR-708-3p	76.0	172.0	20.0	54.0	37.0	65.0	
mmu-miR-7015-3p	12.0	8.0	8.0	31.0	27.0	28.0	
mmu-miR-1843a-5p	945.0	776.0	520.0	891.0	1043.0	1150.0	
mmu-miR-466b-3p	12.0	8.0	2.0	20.0	34.0	23.0	
mmu-miR-297b-3p	0.0	0.0	0.0	1.0	1.0	2.0	
mmu-miR-6950-3p	0.0	0.0	0.0	0.0	2.0	0.0	
mmu-mir-409	2.0	4.0	1.0	2.0	1.0	1.0	
mmu-miR-146b-5p	420202.0	255506.0	187687.0	318931.0	307688.0	376043.0	
mmu-miR-29b-2-5p	39.0	34.0	12.0	18.0	27.0	27.0	
mmu-miR-1298-3p	47.0	46.0	31.0	31.0	26.0	34.0	
mmu-miR-147-5p	62.0	27.0	3.0	24.0	30.0	29.0	
mmu-miR-7060-5p	0.0	0.0	0.0	0.0	2.0	0.0	
mmu-miR-434-3p	79.0	172.0	72.0	181.0	241.0	263.0	
mmu-miR-7027-3p	2.0	0.0	0.0	0.0	0.0	1.0	
mmu-miR-7117-5p	0.0	0.0	0.0	0.0	0.0	1.0	
mmu-miR-3569-3p	0.0	0.0	0.0	0.0	2.0	0.0	
mmu-miR-3100-3p	1.0	0.0	0.0	1.0	0.0	0.0	
mmu-miR-7072-3p	0.0	0.0	0.0	1.0	0.0	0.0	
mmu-mir-410	0.0	0.0	1.0	0.0	1.0	1.0	
mmu-mir-411	25.0	26.0	12.0	17.0	17.0	40.0	
mmu-mir-412	0.0	0.0	1.0	0.0	0.0	0.0	
mmu-miR-205-3p	0.0	2.0	0.0	1.0	0.0	11.0	
mmu-miR-708-5p	32.0	122.0	21.0	40.0	45.0	109.0	
mmu-miR-7015-5p	0.0	1.0	0.0	0.0	0.0	0.0	
mmu-miR-6937-3p	0.0	2.0	0.0	0.0	0.0	0.0	
mmu-miR-669p-3p	0.0	0.0	0.0	0.0	0.0	1.0	
mmu-miR-3098-5p	0.0	0.0	0.0	3.0	0.0	5.0	
mmu-miR-466b-5p	0.0	0.0	0.0	2.0	2.0	3.0	
mmu-mir-421	21.0	12.0	8.0	19.0	35.0	21.0	
mmu-miR-500-5p	3.0	3.0	2.0	3.0	8.0	8.0	
mmu-mir-423	75.0	58.0	47.0	146.0	195.0	203.0	
mmu-miR-6925-5p	0.0	1.0	0.0	1.0	6.0	5.0	
mmu-mir-425	62.0	58.0	21.0	58.0	75.0	77.0	
mmu-miR-181a-2-3p	0.0	0.0	0.0	0.0	0.0	2.0	
mmu-miR-467d-3p	16.0	6.0	7.0	6.0	14.0	22.0	
mmu-mir-429	17.0	24.0	5.0	11.0	24.0	15.0	
mmu-miR-7039-3p	0.0	0.0	0.0	1.0	0.0	1.0	
mmu-mir-297b	8.0	4.0	1.0	6.0	3.0	6.0	
mmu-mir-297c	6.0	3.0	1.0	5.0	1.0	6.0	
mmu-miR-146b-3p	8.0	10.0	6.0	20.0	24.0	18.0	
mmu-miR-7117-3p	1.0	1.0	0.0	0.0	0.0	0.0	
mmu-miR-434-5p	62.0	137.0	43.0	182.0	176.0	281.0	
mmu-miR-491-3p	4.0	5.0	1.0	3.0	1.0	0.0	
mmu-mir-431	0.0	5.0	4.0	0.0	1.0	1.0	
mmu-miR-30c-5p	93143.0	73984.0	28528.0	56929.0	75748.0	77699.0	
mmu-mir-365-1	17.0	16.0	8.0	12.0	11.0	14.0	
mmu-mir-1668	0.0	0.0	0.0	8.0	4.0	1.0	
mmu-mir-434	9.0	25.0	8.0	21.0	22.0	44.0	
mmu-mir-365-2	26.0	16.0	11.0	50.0	81.0	62.0	
mmu-miR-184-3p	50.0	148.0	53.0	121.0	141.0	160.0	
mmu-miR-320-3p	2231.0	1690.0	1183.0	2078.0	2658.0	3016.0	
mmu-miR-7084-3p	2.0	0.0	0.0	0.0	0.0	1.0	
mmu-miR-3098-3p	2.0	0.0	1.0	2.0	8.0	4.0	
mmu-miR-669p-5p	26.0	25.0	11.0	37.0	74.0	65.0	
mmu-miR-6937-5p	0.0	0.0	1.0	0.0	0.0	0.0	
mmu-miR-669a-5p	26.0	25.0	11.0	37.0	74.0	65.0	
mmu-miR-378b	32.0	61.0	13.0	24.0	14.0	57.0	
mmu-miR-3086-5p	70.0	53.0	38.0	39.0	55.0	53.0	
mmu-miR-378d	31.0	29.0	27.0	13.0	31.0	41.0	
mmu-miR-378c	229.0	300.0	115.0	189.0	144.0	351.0	
mmu-mir-448	1.0	1.0	0.0	1.0	1.0	3.0	
mmu-mir-299a	2.0	8.0	1.0	2.0	1.0	3.0	
mmu-mir-299b	0.0	0.0	0.0	0.0	0.0	1.0	
mmu-miR-467d-5p	3.0	3.0	1.0	11.0	14.0	7.0	
mmu-miR-298-5p	16.0	20.0	10.0	53.0	51.0	72.0	
mmu-miR-6998-5p	0.0	0.0	0.0	1.0	1.0	0.0	
mmu-miR-3112-5p	0.0	0.0	0.0	1.0	0.0	0.0	
mmu-miR-5624-3p	0.0	0.0	0.0	0.0	0.0	2.0	
mmu-miR-491-5p	6.0	7.0	2.0	7.0	10.0	20.0	
mmu-mir-199a-2	6075.0	4451.0	1960.0	4249.0	4936.0	5499.0	
mmu-miR-3086-3p	2.0	0.0	0.0	1.0	2.0	1.0	
mmu-mir-199a-1	6064.0	4440.0	1956.0	4239.0	4934.0	5491.0	
mmu-miR-496a-3p	6.0	7.0	2.0	0.0	0.0	2.0	
mmu-mir-452	21.0	19.0	7.0	13.0	16.0	21.0	
mmu-mir-455	33.0	18.0	16.0	29.0	30.0	38.0	
mmu-miR-127-3p	4406.0	4434.0	1217.0	3497.0	3045.0	4976.0	
mmu-mir-1a-2	11.0	62.0	22.0	91.0	13.0	228.0	
mmu-miR-19b-3p	3971.0	4386.0	1461.0	1436.0	1664.0	2206.0	
mmu-mir-1a-1	11.0	62.0	22.0	89.0	13.0	227.0	
mmu-miR-669a-3p	42.0	35.0	18.0	44.0	53.0	68.0	
mmu-miR-3091-5p	0.0	1.0	0.0	1.0	0.0	0.0	
mmu-mir-6900	0.0	1.0	0.0	0.0	0.0	0.0	
mmu-mir-6901	3.0	0.0	0.0	1.0	4.0	3.0	
mmu-miR-6994-3p	3.0	0.0	0.0	0.0	1.0	1.0	
mmu-mir-7b	1.0	0.0	0.0	0.0	0.0	0.0	
mmu-mir-6906	0.0	1.0	0.0	0.0	0.0	0.0	
mmu-miR-190a-3p	10.0	16.0	3.0	7.0	12.0	4.0	
mmu-miR-504-5p	0.0	1.0	1.0	1.0	1.0	2.0	
mmu-mir-98	5.0	6.0	5.0	1.0	6.0	1.0	
mmu-miR-3475-3p	1.0	1.0	1.0	0.0	3.0	2.0	
mmu-miR-340-3p	105.0	87.0	43.0	271.0	310.0	367.0	
mmu-miR-770-3p	0.0	0.0	0.0	0.0	1.0	1.0	
mmu-mir-93	24.0	18.0	10.0	22.0	28.0	33.0	
mmu-mir-6916	0.0	0.0	0.0	0.0	2.0	1.0	
mmu-mir-6914	0.0	0.0	1.0	0.0	0.0	0.0	
mmu-mir-6911	0.0	1.0	0.0	0.0	1.0	0.0	
mmu-miR-7036b-3p	0.0	0.0	0.0	0.0	0.0	1.0	
mmu-miR-7a-5p	1255.0	953.0	865.0	1113.0	1120.0	1643.0	
mmu-miR-1983	7.0	4.0	1.0	0.0	7.0	5.0	
mmu-miR-376b-5p	37.0	42.0	17.0	76.0	80.0	76.0	
mmu-miR-201-5p	10.0	7.0	1.0	3.0	5.0	6.0	
mmu-mir-6917	0.0	0.0	0.0	0.0	1.0	1.0	
mmu-miR-872-3p	786.0	759.0	282.0	1060.0	794.0	1179.0	
mmu-miR-5099	5215.0	5062.0	2245.0	1813.0	2347.0	3791.0	
mmu-miR-7682-5p	0.0	0.0	0.0	0.0	1.0	0.0	
mmu-miR-127-5p	8.0	15.0	9.0	10.0	3.0	13.0	
mmu-mir-490	41.0	47.0	14.0	43.0	30.0	66.0	
mmu-miR-195b	2.0	2.0	0.0	2.0	2.0	7.0	
mmu-miR-135b-5p	6.0	4.0	3.0	2.0	5.0	8.0	
mmu-miR-8120	0.0	1.0	1.0	1.0	3.0	2.0	
mmu-mir-491	0.0	1.0	0.0	1.0	0.0	0.0	
mmu-miR-7040-5p	0.0	0.0	0.0	1.0	1.0	0.0	
mmu-miR-1929-5p	0.0	0.0	0.0	1.0	0.0	0.0	
mmu-mir-1231	0.0	0.0	0.0	1.0	2.0	1.0	
mmu-miR-24-2-5p	4852.0	4098.0	1943.0	11215.0	13069.0	14613.0	
mmu-miR-7007-3p	0.0	1.0	0.0	0.0	1.0	3.0	
mmu-miR-139-3p	11.0	5.0	2.0	61.0	44.0	85.0	
mmu-mir-483	2.0	1.0	2.0	0.0	0.0	1.0	
mmu-miR-3091-3p	4.0	1.0	0.0	1.0	2.0	3.0	
mmu-mir-484	68.0	37.0	13.0	22.0	20.0	32.0	
mmu-mir-6927	0.0	0.0	0.0	1.0	0.0	1.0	
mmu-mir-485	14.0	3.0	2.0	6.0	5.0	7.0	
mmu-mir-6925	0.0	0.0	0.0	1.0	0.0	0.0	
mmu-mir-6922	0.0	0.0	0.0	4.0	0.0	0.0	
mmu-miR-7219-3p	9.0	4.0	2.0	6.0	9.0	16.0	
mmu-mir-489	0.0	0.0	0.0	1.0	0.0	0.0	
mmu-miR-1970	0.0	0.0	0.0	0.0	0.0	3.0	
mmu-miR-6994-5p	0.0	0.0	0.0	0.0	1.0	0.0	
mmu-miR-190a-5p	156.0	186.0	94.0	63.0	81.0	98.0	
mmu-miR-7052-3p	21.0	18.0	10.0	52.0	40.0	63.0	
mmu-miR-7649-3p	0.0	4.0	0.0	1.0	1.0	4.0	
mmu-miR-8114	84.0	62.0	31.0	130.0	121.0	137.0	
mmu-miR-8112	108.0	59.0	36.0	428.0	333.0	410.0	
mmu-miR-6986-5p	0.0	2.0	1.0	4.0	1.0	2.0	
mmu-miR-8111	9.0	5.0	1.0	18.0	23.0	18.0	
mmu-miR-770-5p	0.0	0.0	0.0	1.0	0.0	0.0	
mmu-miR-8118	2.0	0.0	1.0	1.0	2.0	2.0	
mmu-miR-8116	1.0	0.0	0.0	9.0	14.0	3.0	
mmu-miR-1930-3p	0.0	1.0	0.0	0.0	0.0	1.0	
mmu-miR-6930-5p	0.0	1.0	0.0	0.0	1.0	0.0	
mmu-miR-340-5p	3231.0	3682.0	1846.0	2133.0	2276.0	3231.0	
mmu-miR-140-3p	1897.0	3630.0	3298.0	2887.0	3079.0	4342.0	
mmu-mir-1247	2.0	2.0	0.0	5.0	3.0	2.0	
mmu-miR-1969	0.0	0.0	0.0	1.0	2.0	1.0	
mmu-mir-6933	0.0	2.0	0.0	0.0	0.0	1.0	
mmu-miR-7036b-5p	0.0	2.0	1.0	0.0	0.0	1.0	
mmu-mir-1249	2.0	2.0	0.0	3.0	0.0	0.0	
mmu-mir-6931	0.0	1.0	0.0	0.0	0.0	0.0	
mmu-miR-1191a	13.0	9.0	5.0	6.0	10.0	16.0	
mmu-mir-6932	0.0	0.0	0.0	1.0	0.0	0.0	
mmu-miR-1960	1.0	1.0	2.0	5.0	3.0	6.0	
mmu-miR-1961	13.0	9.0	7.0	14.0	11.0	13.0	
mmu-miR-872-5p	872.0	740.0	261.0	1353.0	1491.0	1967.0	
mmu-miR-376b-3p	9.0	4.0	2.0	7.0	1.0	6.0	
mmu-miR-152-3p	3361.0	2798.0	1512.0	3931.0	4551.0	5627.0	
mmu-miR-22-5p	118.0	122.0	41.0	82.0	134.0	125.0	
mmu-miR-7682-3p	0.0	0.0	0.0	0.0	2.0	0.0	
mmu-mir-450a-2	4.0	1.0	0.0	0.0	2.0	0.0	
mmu-mir-450a-1	5.0	3.0	1.0	0.0	2.0	0.0	
mmu-mir-6948	1.0	0.0	0.0	1.0	0.0	0.0	
mmu-miR-139-5p	99.0	119.0	25.0	145.0	203.0	232.0	
mmu-mir-6946	2.0	0.0	0.0	1.0	1.0	2.0	
mmu-mir-6947	1.0	0.0	0.0	0.0	0.0	0.0	
mmu-mir-6944	0.0	1.0	0.0	0.0	0.0	0.0	
mmu-miR-409-3p	47.0	61.0	23.0	24.0	25.0	44.0	
mmu-miR-701-5p	1.0	1.0	0.0	1.0	2.0	1.0	
mmu-mir-5619	0.0	0.0	0.0	1.0	1.0	2.0	
mmu-miR-26b-3p	60.0	45.0	20.0	194.0	261.0	244.0	
mmu-miR-6986-3p	1.0	0.0	0.0	0.0	0.0	0.0	
mmu-miR-1298-5p	1451.0	1007.0	564.0	716.0	656.0	910.0	
mmu-miR-701-3p	1.0	1.0	1.0	3.0	2.0	1.0	
mmu-miR-1930-5p	0.0	0.0	0.0	0.0	1.0	2.0	
mmu-miR-384-5p	1.0	1.0	0.0	4.0	0.0	2.0	
mmu-miR-299b-3p	0.0	1.0	0.0	0.0	0.0	0.0	
mmu-mir-6951	0.0	0.0	1.0	0.0	0.0	1.0	
mmu-mir-6952	2.0	0.0	0.0	1.0	0.0	0.0	
mmu-mir-5621	0.0	0.0	0.0	1.0	0.0	0.0	
mmu-mir-1264	22.0	12.0	4.0	12.0	21.0	29.0	
mmu-miR-7669-5p	2.0	1.0	0.0	3.0	0.0	1.0	
mmu-mir-5627	0.0	1.0	0.0	0.0	3.0	0.0	
mmu-mir-6959	0.0	6.0	0.0	0.0	0.0	0.0	
mmu-miR-7670-3p	0.0	1.0	1.0	3.0	1.0	0.0	
mmu-mir-6955	0.0	1.0	0.0	0.0	0.0	0.0	
mmu-miR-140-5p	692.0	821.0	216.0	589.0	541.0	860.0	
mmu-mir-5625	0.0	0.0	0.0	1.0	1.0	1.0	
mmu-mir-5624	0.0	0.0	2.0	0.0	0.0	0.0	
mmu-mir-6954	0.0	0.0	0.0	0.0	1.0	0.0	
mmu-miR-106a-5p	11.0	7.0	1.0	10.0	16.0	10.0	
mmu-miR-7019-3p	2.0	7.0	1.0	9.0	16.0	18.0	
mmu-miR-6905-5p	0.0	0.0	0.0	0.0	0.0	1.0	
mmu-mir-125a	18.0	30.0	8.0	55.0	40.0	62.0	
mmu-miR-344d-3-5p	0.0	0.0	0.0	2.0	0.0	0.0	
mmu-miR-339-5p	441.0	436.0	162.0	729.0	782.0	1007.0	
mmu-miR-152-5p	1400.0	1574.0	1022.0	619.0	699.0	724.0	
mmu-mir-6962	0.0	0.0	0.0	0.0	1.0	0.0	
mmu-mir-22	18.0	27.0	11.0	29.0	31.0	31.0	
mmu-mir-6963	0.0	1.0	0.0	3.0	3.0	3.0	
mmu-mir-6960	1.0	1.0	0.0	3.0	2.0	4.0	
mmu-let-7f-5p	156590.0	107515.0	112563.0	234348.0	329137.0	320800.0	
mmu-mir-6961	0.0	0.0	0.0	1.0	0.0	0.0	
mmu-miR-10b-5p	77207.0	157995.0	54718.0	70324.0	63046.0	104510.0	
mmu-mir-6968	0.0	0.0	0.0	0.0	1.0	0.0	
mmu-mir-25	1.0	2.0	0.0	3.0	7.0	1.0	
mmu-miR-344f-3p	0.0	0.0	0.0	0.0	0.0	1.0	
mmu-mir-135a-1	0.0	1.0	1.0	0.0	0.0	0.0	
mmu-miR-410-3p	55.0	144.0	55.0	71.0	78.0	107.0	
mmu-miR-6929-3p	0.0	0.0	0.0	0.0	1.0	1.0	
mmu-mir-126a	7236.0	4708.0	2071.0	3233.0	4156.0	4359.0	
mmu-miR-3073b-3p	0.0	1.0	0.0	1.0	0.0	0.0	
mmu-miR-26b-5p	102209.0	86715.0	46296.0	89790.0	88487.0	135381.0	
mmu-miR-409-5p	3.0	14.0	5.0	9.0	7.0	17.0	
mmu-mir-344i	0.0	0.0	0.0	0.0	0.0	2.0	
mmu-miR-7064-5p	0.0	0.0	0.0	0.0	0.0	1.0	
mmu-mir-32	11.0	3.0	4.0	6.0	13.0	16.0	
mmu-miR-7020-3p	1.0	0.0	0.0	0.0	0.0	0.0	
mmu-mir-33	0.0	0.0	0.0	0.0	0.0	2.0	
mmu-miR-299b-5p	1.0	5.0	1.0	0.0	0.0	0.0	
mmu-mir-6971	1.0	0.0	0.0	1.0	0.0	0.0	
mmu-miR-384-3p	0.0	2.0	0.0	0.0	1.0	1.0	
mmu-mir-31	13.0	18.0	5.0	17.0	23.0	12.0	
mmu-mir-2139	0.0	0.0	0.0	0.0	1.0	0.0	
mmu-miR-7240-5p	0.0	0.0	0.0	0.0	1.0	0.0	
mmu-miR-3066-5p	11.0	6.0	4.0	7.0	3.0	7.0	
mmu-mir-6977	0.0	1.0	0.0	0.0	0.0	0.0	
mmu-mir-6978	0.0	0.0	0.0	0.0	0.0	1.0	
mmu-mir-6975	2.0	0.0	0.0	0.0	0.0	0.0	
mmu-mir-6976	0.0	0.0	0.0	0.0	0.0	1.0	
mmu-miR-339-3p	149.0	201.0	87.0	278.0	268.0	383.0	
mmu-miR-7227-3p	0.0	0.0	2.0	0.0	0.0	0.0	
mmu-mir-125b-1	30.0	32.0	9.0	60.0	76.0	82.0	
mmu-miR-7044-3p	13.0	17.0	5.0	21.0	22.0	33.0	
mmu-mir-6985	1.0	4.0	0.0	5.0	8.0	5.0	
mmu-miR-3083-3p	0.0	1.0	0.0	1.0	0.0	0.0	
mmu-miR-6933-3p	0.0	0.0	0.0	0.0	0.0	1.0	
mmu-mir-30c-1	2386.0	1703.0	757.0	531.0	716.0	699.0	
mmu-mir-6983	1.0	0.0	0.0	0.0	0.0	0.0	
mmu-mir-1291	2.0	0.0	0.0	1.0	0.0	2.0	
mmu-mir-125b-2	418.0	819.0	388.0	818.0	868.0	997.0	
mmu-mir-1298	2.0	1.0	0.0	1.0	0.0	1.0	
mmu-miR-6481	3.0	0.0	0.0	0.0	0.0	0.0	
mmu-mir-30c-2	2392.0	1709.0	758.0	531.0	715.0	699.0	
mmu-miR-129-1-3p	0.0	3.0	0.0	0.0	1.0	1.0	
mmu-mir-6980	0.0	1.0	0.0	3.0	0.0	0.0	
mmu-miR-324-5p	396.0	367.0	201.0	301.0	395.0	454.0	
mmu-miR-221-5p	637.0	1196.0	738.0	2294.0	2604.0	2759.0	
mmu-miR-5709-5p	11.0	10.0	7.0	13.0	18.0	15.0	
mmu-mir-6986	0.0	0.0	0.0	2.0	3.0	1.0	
mmu-mir-6987	0.0	0.0	0.0	0.0	0.0	3.0	
mmu-miR-187-5p	19.0	20.0	13.0	63.0	80.0	66.0	
mmu-miR-133b-3p	35.0	166.0	20.0	100.0	28.0	276.0	
mmu-mir-6995	1.0	0.0	0.0	1.0	0.0	0.0	
mmu-mir-6996	1.0	0.0	0.0	0.0	0.0	2.0	
mmu-mir-6994	1.0	0.0	0.0	2.0	0.0	3.0	
mmu-mir-6991	0.0	0.0	0.0	0.0	0.0	2.0	
mmu-mir-6992	0.0	1.0	0.0	0.0	0.0	3.0	
mmu-mir-6990	0.0	2.0	0.0	0.0	0.0	0.0	
mmu-miR-196a-5p	0.0	0.0	2.0	1.0	1.0	1.0	
mmu-mir-6516	11.0	14.0	2.0	15.0	16.0	19.0	
mmu-miR-6945-3p	4.0	2.0	0.0	2.0	2.0	5.0	
mmu-mir-6997	0.0	0.0	1.0	0.0	0.0	0.0	
mmu-mir-6998	0.0	0.0	0.0	0.0	1.0	0.0	
mmu-miR-7032-3p	0.0	1.0	1.0	1.0	1.0	2.0	
mmu-miR-1933-3p	4.0	2.0	1.0	6.0	5.0	7.0	
mmu-miR-22-3p	91981.0	93122.0	36649.0	176228.0	220102.0	235284.0	
mmu-miR-5133	0.0	2.0	0.0	5.0	1.0	0.0	
mmu-miR-5130	0.0	0.0	0.0	1.0	0.0	0.0	
mmu-miR-6933-5p	0.0	0.0	1.0	2.0	5.0	3.0	
mmu-miR-324-3p	35.0	40.0	18.0	27.0	42.0	32.0	
mmu-miR-148b-3p	8959.0	10536.0	4194.0	9442.0	10749.0	12945.0	
mmu-miR-6989-5p	0.0	0.0	0.0	0.0	2.0	0.0	
mmu-miR-187-3p	263.0	255.0	80.0	256.0	279.0	378.0	
mmu-miR-181a-5p	434922.0	271630.0	227290.0	587783.0	683602.0	750140.0	
mmu-miR-7685-5p	0.0	0.0	0.0	1.0	0.0	0.0	
mmu-miR-374b-5p	1269.0	1164.0	290.0	967.0	1281.0	1303.0	
mmu-miR-5121	10.0	9.0	9.0	594.0	668.0	887.0	
mmu-miR-5122	6.0	2.0	0.0	9.0	8.0	5.0	
mmu-miR-5120	1.0	2.0	0.0	1.0	0.0	1.0	
mmu-miR-5125	0.0	0.0	1.0	0.0	0.0	0.0	
mmu-miR-5126	0.0	0.0	0.0	1.0	2.0	0.0	
mmu-miR-5123	0.0	1.0	0.0	1.0	4.0	2.0	
mmu-mir-6539	0.0	1.0	0.0	0.0	0.0	2.0	
mmu-let-7c-2-3p	953.0	886.0	339.0	196.0	379.0	287.0	
mmu-mir-6537	0.0	0.0	0.0	1.0	0.0	0.0	
mmu-miR-541-5p	1895.0	2257.0	1212.0	1575.0	1765.0	2283.0	
mmu-mir-301a	14.0	16.0	2.0	9.0	7.0	18.0	
mmu-mir-301b	0.0	0.0	0.0	1.0	0.0	1.0	
mmu-miR-5128	1.0	0.0	0.0	4.0	1.0	0.0	
mmu-miR-7032-5p	0.0	0.0	0.0	1.0	0.0	0.0	
mmu-miR-148b-5p	308.0	249.0	158.0	371.0	443.0	489.0	
mmu-miR-6989-3p	8.0	3.0	6.0	24.0	13.0	29.0	
mmu-mir-6541	4.0	2.0	1.0	0.0	2.0	3.0	
mmu-miR-1839-3p	204.0	158.0	79.0	121.0	137.0	202.0	
mmu-miR-465c-5p	0.0	1.0	0.0	0.0	0.0	0.0	
mmu-miR-7673-3p	1.0	0.0	0.0	0.0	0.0	0.0	
mmu-miR-143-3p	402606.0	1092545.0	694665.0	1429994.0	1404136.0	2157781.0	
mmu-miR-7068-5p	0.0	0.0	0.0	15.0	8.0	8.0	
mmu-miR-6908-3p	0.0	1.0	0.0	0.0	0.0	0.0	
mmu-miR-6977-5p	0.0	0.0	0.0	0.0	1.0	1.0	
mmu-miR-200b-3p	13704.0	12121.0	5146.0	7861.0	9219.0	10734.0	
mmu-let-7f-2	1473.0	914.0	1204.0	1561.0	2679.0	2352.0	
mmu-miR-7068-3p	196.0	173.0	69.0	137.0	165.0	213.0	
mmu-let-7i-5p	65264.0	51543.0	40744.0	77261.0	117206.0	101845.0	
mmu-let-7f-1	27.0	24.0	22.0	19.0	32.0	39.0	
mmu-miR-381-3p	60.0	218.0	80.0	115.0	109.0	182.0	
mmu-miR-541-3p	1.0	0.0	0.0	0.0	0.0	1.0	
mmu-miR-3102-5p.2-5p	3.0	1.0	3.0	6.0	9.0	14.0	
mmu-miR-486b-5p	664806.0	386135.0	288101.0	480354.0	507327.0	564678.0	
mmu-miR-3058-5p	1.0	0.0	1.0	2.0	3.0	5.0	
mmu-miR-429-3p	7331.0	5036.0	2145.0	4329.0	4465.0	6124.0	
mmu-miR-666-5p	7.0	5.0	2.0	11.0	7.0	23.0	
mmu-miR-6908-5p	1.0	0.0	0.0	0.0	0.0	0.0	
mmu-mir-3057	5.0	1.0	0.0	3.0	3.0	0.0	
mmu-miR-7044-5p	1.0	0.0	0.0	0.0	0.0	0.0	
mmu-miR-1839-5p	1242.0	911.0	851.0	1801.0	2305.0	2421.0	
mmu-miR-465c-3p	1.0	1.0	0.0	0.0	0.0	0.0	
mmu-mir-219b	0.0	1.0	0.0	1.0	0.0	0.0	
mmu-miR-7000-3p	0.0	0.0	0.0	0.0	1.0	0.0	
mmu-miR-6977-3p	0.0	0.0	0.0	0.0	1.0	0.0	
mmu-miR-291a-3p	1.0	0.0	0.0	0.0	0.0	0.0	
mmu-miR-143-5p	256.0	318.0	235.0	406.0	442.0	633.0	
mmu-miR-6921-3p	1.0	3.0	1.0	4.0	4.0	9.0	
mmu-mir-873a	0.0	1.0	0.0	0.0	0.0	0.0	
mmu-mir-219c	1.0	2.0	1.0	6.0	3.0	2.0	
mmu-miR-221-3p	7703.0	6157.0	3385.0	5178.0	6994.0	7072.0	
mmu-miR-200b-5p	62.0	65.0	23.0	91.0	149.0	129.0	
mmu-mir-3060	14.0	18.0	7.0	33.0	30.0	27.0	
mmu-mir-3061	0.0	0.0	0.0	3.0	0.0	3.0	
mmu-miR-155-3p	1.0	0.0	6.0	0.0	3.0	1.0	
mmu-mir-3066	4.0	3.0	2.0	1.0	6.0	2.0	
mmu-mir-3068	81.0	45.0	23.0	45.0	59.0	94.0	
mmu-let-7i-3p	48.0	170.0	66.0	38.0	71.0	86.0	
mmu-mir-3069	2.0	0.0	0.0	1.0	0.0	0.0	
mmu-mir-3062	0.0	2.0	0.0	0.0	0.0	0.0	
mmu-miR-7673-5p	0.0	0.0	0.0	1.0	0.0	0.0	
mmu-mir-3064	3.0	2.0	2.0	0.0	3.0	3.0	
mmu-miR-3058-3p	3.0	1.0	1.0	5.0	4.0	6.0	
mmu-miR-486b-3p	7.0	0.0	2.0	8.0	14.0	9.0	
mmu-miR-30c-2-3p	422.0	593.0	416.0	693.0	1127.0	923.0	
mmu-miR-429-5p	1.0	0.0	2.0	0.0	2.0	1.0	
mmu-miR-425-3p	317.0	293.0	182.0	348.0	421.0	481.0	
mmu-miR-6402	0.0	0.0	0.0	0.0	0.0	1.0	
mmu-mir-3079	4.0	2.0	1.0	6.0	1.0	3.0	
mmu-mir-3076	1.0	0.0	3.0	2.0	0.0	0.0	
mmu-miR-7689-3p	0.0	0.0	0.0	0.0	3.0	2.0	
mmu-miR-15a-5p	1591.0	1722.0	503.0	2225.0	2436.0	3175.0	
mmu-miR-7012-5p	2.0	0.0	1.0	0.0	0.0	4.0	
mmu-miR-6913-3p	4.0	3.0	1.0	6.0	4.0	2.0	
mmu-miR-5129-3p	19.0	13.0	2.0	9.0	14.0	14.0	
mmu-miR-7012-3p	0.0	0.0	2.0	6.0	3.0	3.0	
mmu-mir-3081	0.0	0.0	0.0	0.0	2.0	0.0	
mmu-mir-3082	2.0	1.0	0.0	13.0	12.0	15.0	
mmu-mir-3083	2.0	1.0	1.0	3.0	3.0	9.0	
mmu-miR-1187	0.0	0.0	0.0	0.0	1.0	0.0	
mmu-miR-7677-3p	2.0	0.0	0.0	1.0	2.0	0.0	
mmu-miR-6896-5p	0.0	3.0	0.0	0.0	0.0	1.0	
mmu-mir-3089	0.0	2.0	0.0	0.0	0.0	0.0	
mmu-miR-155-5p	640.0	666.0	291.0	739.0	616.0	832.0	
mmu-mir-3086	3.0	2.0	0.0	2.0	0.0	0.0	
mmu-mir-3087	1.0	0.0	0.0	0.0	0.0	0.0	
mmu-miR-3063-3p	0.0	1.0	0.0	0.0	0.0	1.0	
mmu-miR-6901-5p	10.0	3.0	4.0	7.0	9.0	6.0	
mmu-miR-6970-5p	0.0	3.0	3.0	1.0	0.0	5.0	
mmu-miR-6540-5p	10.0	6.0	4.0	14.0	22.0	14.0	
mmu-mir-344-2	1.0	0.0	0.0	0.0	0.0	0.0	
mmu-mir-344-1	1.0	0.0	0.0	0.0	0.0	0.0	
mmu-miR-17-5p	712.0	709.0	271.0	518.0	706.0	727.0	
mmu-mir-3091	0.0	0.0	0.0	1.0	1.0	0.0	
mmu-miR-425-5p	4457.0	3235.0	1066.0	6028.0	6635.0	8154.0	
mmu-mir-3092	0.0	0.0	0.0	0.0	0.0	1.0	
mmu-miR-669l-5p	0.0	2.0	0.0	5.0	11.0	4.0	
mmu-miR-466q	1.0	2.0	0.0	1.0	2.0	0.0	
mmu-miR-466g	5.0	4.0	3.0	4.0	10.0	17.0	
mmu-miR-466f	1.0	0.0	0.0	0.0	0.0	0.0	
mmu-miR-6540-3p	0.0	1.0	0.0	0.0	0.0	1.0	
mmu-mir-3095	1.0	0.0	1.0	0.0	0.0	0.0	
mmu-miR-466k	0.0	1.0	0.0	0.0	0.0	1.0	
mmu-miR-6925-3p	0.0	0.0	1.0	1.0	0.0	2.0	
mmu-let-7b-5p	23180.0	19335.0	13655.0	39964.0	54569.0	57792.0	
mmu-miR-7024-5p	0.0	0.0	0.0	1.0	1.0	0.0	
mmu-miR-669e-5p	0.0	1.0	0.0	0.0	0.0	1.0	
mmu-miR-344b-3p	1.0	0.0	0.0	0.0	0.0	0.0	
mmu-miR-101b-5p	1.0	3.0	0.0	0.0	1.0	0.0	
mmu-mir-802	0.0	0.0	0.0	0.0	0.0	2.0	
mmu-miR-15a-3p	77.0	72.0	25.0	161.0	181.0	238.0	
mmu-miR-103-3p	18553.0	16004.0	9679.0	12100.0	13627.0	16850.0	
mmu-miR-181b-1-3p	156.0	96.0	42.0	61.0	93.0	123.0	
mmu-let-7a-1-3p	953.0	885.0	339.0	194.0	379.0	287.0	
mmu-miR-671-5p	107.0	98.0	65.0	107.0	129.0	131.0	
mmu-miR-484	4630.0	3374.0	1160.0	5311.0	6087.0	7115.0	
mmu-miR-470-5p	2.0	4.0	2.0	0.0	0.0	2.0	
mmu-miR-7024-3p	1.0	0.0	0.0	3.0	0.0	0.0	
mmu-miR-5129-5p	1.0	3.0	2.0	1.0	5.0	0.0	
mmu-miR-295-3p	1.0	4.0	2.0	2.0	7.0	3.0	
mmu-miR-6970-3p	1.0	0.0	0.0	0.0	0.0	0.0	
mmu-miR-467a-3p	3.0	3.0	2.0	4.0	9.0	13.0	
mmu-miR-138-1-3p	0.0	0.0	0.0	2.0	0.0	2.0	
mmu-miR-5114	31.0	34.0	8.0	48.0	58.0	57.0	
mmu-miR-5113	2.0	1.0	2.0	3.0	3.0	3.0	
mmu-miR-1249-3p	412.0	353.0	149.0	672.0	642.0	810.0	
mmu-miR-7653-3p	3.0	0.0	1.0	0.0	4.0	4.0	
mmu-miR-192-5p	23607.0	20688.0	12163.0	13648.0	13821.0	18094.0	
mmu-miR-669e-3p	0.0	0.0	0.0	0.0	0.0	1.0	
mmu-miR-29a-3p	21760.0	18008.0	4782.0	26540.0	29650.0	37828.0	
mmu-let-7b-3p	979.0	795.0	357.0	776.0	826.0	776.0	
mmu-miR-5119	0.0	0.0	0.0	0.0	0.0	1.0	
mmu-miR-3095-5p	0.0	0.0	0.0	0.0	0.0	1.0	
mmu-miR-5116	2.0	0.0	0.0	1.0	1.0	3.0	
mmu-miR-101b-3p	763.0	1099.0	607.0	657.0	662.0	853.0	
mmu-miR-5100	27.0	15.0	8.0	41.0	63.0	70.0	
mmu-miR-879-3p	30.0	17.0	4.0	38.0	27.0	29.0	
mmu-miR-5103	3.0	3.0	0.0	3.0	4.0	2.0	
mmu-miR-6990-3p	0.0	1.0	0.0	2.0	1.0	0.0	
mmu-miR-6957-5p	0.0	0.0	0.0	1.0	2.0	1.0	
mmu-miR-5104	0.0	0.0	0.0	1.0	0.0	2.0	
mmu-miR-671-3p	379.0	212.0	144.0	654.0	777.0	844.0	
mmu-miR-5101	4.0	3.0	5.0	8.0	3.0	14.0	
mmu-miR-300-5p	2.0	0.0	0.0	0.0	0.0	0.0	
mmu-mir-7004	0.0	1.0	0.0	1.0	0.0	0.0	
mmu-miR-7081-3p	0.0	1.0	0.0	0.0	0.0	1.0	
mmu-mir-7003	0.0	0.0	0.0	3.0	0.0	2.0	
mmu-miR-344-3p	13.0	46.0	21.0	25.0	27.0	22.0	
mmu-miR-1982-5p	0.0	0.0	1.0	0.0	1.0	0.0	
mmu-mir-7000	0.0	0.0	0.0	0.0	0.0	2.0	
mmu-mir-7001	0.0	0.0	0.0	0.0	1.0	0.0	
mmu-miR-467a-5p	12.0	15.0	9.0	35.0	36.0	46.0	
mmu-mir-7010	3.0	0.0	2.0	4.0	3.0	3.0	
mmu-miR-5621-3p	0.0	0.0	0.0	3.0	3.0	1.0	
mmu-mir-7017	0.0	1.0	0.0	1.0	1.0	0.0	
mmu-miR-494-3p	2.0	3.0	0.0	2.0	3.0	2.0	
mmu-miR-7653-5p	0.0	0.0	1.0	0.0	0.0	0.0	
mmu-mir-7015	0.0	0.0	0.0	0.0	1.0	0.0	
mmu-miR-192-3p	8.0	9.0	2.0	6.0	2.0	9.0	
mmu-miR-3083-5p	0.0	1.0	1.0	3.0	2.0	1.0	
mmu-mir-7013	0.0	0.0	0.0	2.0	0.0	1.0	
mmu-miR-1188-5p	0.0	0.0	0.0	0.0	1.0	0.0	
mmu-mir-7014	0.0	0.0	0.0	1.0	0.0	0.0	
mmu-mir-7011	0.0	0.0	0.0	0.0	0.0	1.0	
mmu-mir-7012	3.0	5.0	2.0	1.0	1.0	0.0	
mmu-miR-29a-5p	133.0	123.0	40.0	60.0	64.0	76.0	
mmu-mir-7019	0.0	0.0	0.0	0.0	0.0	1.0	
mmu-miR-6990-5p	1.0	0.0	0.0	1.0	1.0	0.0	
mmu-miR-3095-3p	2.0	0.0	0.0	2.0	3.0	2.0	
mmu-miR-879-5p	523.0	667.0	213.0	586.0	705.0	842.0	
mmu-miR-1982-3p	18.0	12.0	6.0	21.0	18.0	29.0	
mmu-mir-7020	0.0	0.0	0.0	0.0	0.0	1.0	
mmu-miR-96-3p	3.0	2.0	1.0	0.0	2.0	2.0	
mmu-mir-7021	0.0	1.0	0.0	3.0	2.0	0.0	
mmu-miR-6957-3p	0.0	0.0	0.0	0.0	0.0	1.0	
mmu-miR-300-3p	128.0	161.0	55.0	125.0	114.0	183.0	
mmu-mir-7026	0.0	0.0	0.0	0.0	1.0	0.0	
mmu-mir-7027	0.0	0.0	0.0	1.0	0.0	0.0	
mmu-mir-7022	0.0	0.0	0.0	1.0	2.0	0.0	
mmu-miR-6901-3p	1.0	2.0	2.0	0.0	2.0	1.0	
mmu-miR-7048-3p	9.0	1.0	0.0	6.0	6.0	2.0	
mmu-miR-103-2-5p	8.0	4.0	3.0	2.0	7.0	6.0	
mmu-miR-7093-3p	4.0	4.0	1.0	1.0	4.0	0.0	
mmu-miR-7235-3p	8.0	7.0	2.0	12.0	18.0	16.0	
mmu-miR-17-3p	50.0	63.0	26.0	176.0	177.0	201.0	
mmu-miR-9768-5p	0.0	0.0	0.0	0.0	0.0	1.0	
mmu-mir-8120	2.0	1.0	0.0	2.0	1.0	1.0	
mmu-mir-195a	142.0	140.0	49.0	65.0	81.0	81.0	
mmu-miR-6985-3p	10.0	13.0	2.0	19.0	24.0	19.0	
mmu-miR-7038-3p	0.0	0.0	0.0	2.0	1.0	0.0	
mmu-miR-5132-3p	2.0	2.0	0.0	0.0	2.0	1.0	
mmu-miR-7026-5p	0.0	0.0	1.0	0.0	1.0	0.0	
mmu-miR-219c-5p	0.0	0.0	0.0	2.0	2.0	4.0	
mmu-mir-5099	79.0	148.0	217.0	1362.0	1857.0	2313.0	
mmu-miR-497b	1.0	0.0	0.0	0.0	0.0	0.0	
mmu-miR-674-5p	91.0	77.0	38.0	206.0	278.0	259.0	
mmu-mir-744	0.0	0.0	2.0	1.0	3.0	1.0	
mmu-miR-204-3p	0.0	0.0	0.0	0.0	0.0	1.0	
mmu-miR-7668-5p	2.0	4.0	3.0	5.0	10.0	4.0	
mmu-miR-96-5p	554.0	684.0	213.0	1153.0	1237.0	1534.0	
mmu-miR-365-3p	1777.0	1601.0	495.0	1326.0	1593.0	1671.0	
mmu-miR-8094	13.0	2.0	1.0	2.0	4.0	12.0	
mmu-miR-8098	0.0	1.0	0.0	0.0	0.0	0.0	
mmu-miR-8097	3.0	0.0	0.0	0.0	2.0	0.0	
mmu-miR-8096	0.0	1.0	0.0	1.0	0.0	0.0	
mmu-mir-1983	42.0	82.0	22.0	28.0	52.0	66.0	
mmu-miR-6997-3p	1.0	0.0	0.0	0.0	0.0	0.0	
mmu-mir-1982	0.0	0.0	0.0	0.0	1.0	0.0	
mmu-mir-1981	2.0	3.0	2.0	8.0	5.0	9.0	
mmu-miR-411-3p	12.0	18.0	6.0	5.0	6.0	12.0	
mmu-miR-145b	6.0	7.0	1.0	10.0	4.0	13.0	
mmu-miR-423-3p	759.0	1125.0	1069.0	4837.0	5999.0	6347.0	
mmu-miR-7038-5p	0.0	1.0	0.0	0.0	0.0	0.0	
mmu-miR-92b-3p	50162.0	33332.0	15864.0	43674.0	41113.0	54757.0	
mmu-miR-1948-5p	2.0	0.0	2.0	0.0	1.0	1.0	
mmu-miR-219c-3p	2.0	6.0	1.0	0.0	2.0	1.0	
mmu-mir-760	0.0	0.0	0.0	1.0	2.0	1.0	
mmu-miR-8090	0.0	0.0	0.0	0.0	2.0	0.0	
mmu-mir-764	1.0	0.0	1.0	1.0	1.0	3.0	
mmu-miR-674-3p	109.0	97.0	28.0	152.0	185.0	210.0	
mmu-miR-204-5p	180.0	171.0	44.0	99.0	197.0	219.0	
mmu-miR-1193-5p	0.0	0.0	1.0	0.0	0.0	1.0	
mmu-miR-6961-5p	0.0	0.0	0.0	1.0	4.0	0.0	
mmu-miR-1193-3p	0.0	2.0	0.0	0.0	1.0	2.0	
mmu-miR-3099-3p	1.0	0.0	0.0	0.0	1.0	3.0	
mmu-miR-7211-3p	0.0	0.0	0.0	2.0	0.0	0.0	
mmu-miR-193b-5p	0.0	0.0	0.0	2.0	2.0	4.0	
mmu-miR-669b-5p	10.0	5.0	4.0	16.0	20.0	21.0	
mmu-miR-16-1-3p	35.0	49.0	29.0	37.0	32.0	50.0	
mmu-miR-881-3p	1.0	0.0	3.0	0.0	0.0	0.0	
mmu-miR-6997-5p	0.0	1.0	0.0	0.0	2.0	2.0	
mmu-mir-24-1	161.0	122.0	33.0	293.0	345.0	429.0	
mmu-miR-3087-5p	0.0	0.0	0.0	1.0	2.0	1.0	
mmu-mir-24-2	160.0	138.0	37.0	315.0	364.0	453.0	
mmu-miR-547-3p	7.0	5.0	1.0	5.0	4.0	9.0	
mmu-miR-411-5p	176.0	144.0	62.0	95.0	85.0	131.0	
mmu-miR-377-3p	1.0	5.0	1.0	4.0	3.0	2.0	
mmu-miR-378a-5p	64.0	127.0	42.0	97.0	151.0	210.0	
mmu-miR-7063-3p	4.0	4.0	0.0	13.0	5.0	14.0	
mmu-miR-423-5p	2470.0	1400.0	1239.0	10349.0	13784.0	13490.0	
mmu-mir-199b	6063.0	4446.0	1958.0	4239.0	4937.0	5490.0	
mmu-miR-7231-5p	0.0	1.0	1.0	0.0	0.0	0.0	
mmu-miR-101c	285.0	361.0	176.0	141.0	139.0	182.0	
mmu-miR-23b-5p	5.0	1.0	3.0	7.0	8.0	9.0	
mmu-miR-341-3p	3.0	17.0	5.0	4.0	4.0	13.0	
mmu-miR-6948-5p	2.0	0.0	0.0	0.0	0.0	1.0	
mmu-mir-300	10.0	7.0	4.0	6.0	5.0	10.0	
mmu-miR-30d-3p	1393.0	1082.0	460.0	1050.0	1174.0	1394.0	
mmu-miR-183-5p	13727.0	13355.0	2793.0	8945.0	9453.0	10991.0	
mmu-miR-6936-5p	0.0	0.0	1.0	0.0	0.0	2.0	
mmu-miR-25-3p	9558.0	8675.0	5039.0	8456.0	9686.0	11237.0	
mmu-mir-30a	38415.0	31505.0	19898.0	9972.0	12129.0	13485.0	
mmu-miR-7083-5p	1.0	4.0	0.0	3.0	6.0	3.0	
mmu-mir-30b	78.0	52.0	15.0	26.0	47.0	48.0	
mmu-miR-6961-3p	0.0	0.0	0.0	0.0	1.0	0.0	
mmu-mir-30d	8486.0	6084.0	4068.0	2498.0	3073.0	3195.0	
mmu-mir-30e	9196.0	8029.0	3341.0	3594.0	4132.0	5017.0	
mmu-miR-451a	41192.0	35203.0	11593.0	25535.0	24920.0	33253.0	
mmu-miR-466c-3p	7.0	7.0	2.0	18.0	26.0	18.0	
mmu-miR-27a-3p	16995.0	19560.0	6731.0	22112.0	24429.0	30067.0	
mmu-miR-3087-3p	3.0	2.0	4.0	3.0	3.0	5.0	
mmu-miR-378a-3p	9258.0	9392.0	5432.0	7906.0	7499.0	12040.0	
mmu-let-7a-2-3p	0.0	0.0	2.0	3.0	4.0	3.0	
mmu-miR-146a-5p	228073.0	138317.0	63021.0	351457.0	434340.0	457887.0	
mmu-miR-23b-3p	20828.0	16734.0	8979.0	24042.0	39161.0	30076.0	
mmu-miR-511-5p	1.0	1.0	0.0	3.0	7.0	5.0	
mmu-miR-5623-5p	0.0	0.0	0.0	0.0	0.0	1.0	
mmu-miR-7116-3p	7.0	7.0	2.0	11.0	12.0	16.0	
mmu-miR-29b-1-5p	10.0	8.0	3.0	16.0	18.0	15.0	
mmu-miR-466n-3p	0.0	2.0	0.0	1.0	1.0	2.0	
mmu-mir-320	85.0	53.0	37.0	78.0	100.0	98.0	
mmu-miR-135a-1-3p	0.0	1.0	0.0	0.0	0.0	2.0	
mmu-mir-322	681.0	677.0	207.0	1132.0	1224.0	1565.0	
mmu-mir-324	46.0	87.0	34.0	66.0	76.0	70.0	
mmu-miR-6948-3p	8.0	1.0	3.0	5.0	8.0	12.0	
mmu-miR-3101-5p	2.0	1.0	0.0	0.0	0.0	0.0	
mmu-mir-326	4.0	35.0	52.0	58.0	73.0	80.0	
mmu-mir-328	8.0	5.0	10.0	21.0	24.0	25.0	
mmu-miR-183-3p	6.0	4.0	0.0	10.0	11.0	17.0	
mmu-mir-329	0.0	1.0	0.0	0.0	0.0	1.0	
mmu-miR-7668-3p	0.0	1.0	0.0	1.0	5.0	5.0	
mmu-miR-7006-3p	0.0	2.0	0.0	7.0	2.0	5.0	
mmu-miR-27a-5p	47.0	55.0	44.0	81.0	112.0	114.0	
mmu-miR-25-5p	15.0	6.0	6.0	27.0	40.0	29.0	
mmu-miR-466c-5p	5.0	5.0	2.0	7.0	12.0	12.0	
mmu-miR-7656-5p	0.0	0.0	0.0	1.0	0.0	0.0	
mmu-miR-297c-3p	0.0	0.0	0.0	1.0	1.0	2.0	
mmu-let-7c-5p	80593.0	61687.0	46875.0	159221.0	205216.0	228880.0	
mmu-mir-330	68.0	54.0	20.0	89.0	137.0	136.0	
mmu-mir-331	6.0	12.0	14.0	29.0	41.0	37.0	
mmu-miR-466n-5p	0.0	2.0	0.0	3.0	6.0	4.0	
mmu-mir-335	59.0	62.0	18.0	48.0	66.0	57.0	
mmu-mir-337	6.0	9.0	3.0	2.0	8.0	10.0	
mmu-mir-338	57.0	46.0	17.0	78.0	117.0	96.0	
mmu-mir-339	1.0	1.0	0.0	1.0	1.0	5.0	
mmu-miR-467e-3p	3.0	3.0	0.0	0.0	1.0	2.0	
mmu-miR-666-3p	0.0	1.0	0.0	0.0	0.0	1.0	
mmu-miR-3079-5p	3.0	0.0	0.0	1.0	1.0	2.0	
mmu-miR-5615-5p	3.0	2.0	1.0	2.0	0.0	1.0	
mmu-miR-125b-2-3p	1153.0	2418.0	1154.0	3604.0	3789.0	4709.0	
mmu-miR-146a-3p	5.0	18.0	7.0	3.0	11.0	6.0	
mmu-miR-431-3p	0.0	2.0	3.0	2.0	2.0	0.0	
mmu-mir-350	3.0	5.0	1.0	1.0	3.0	2.0	
mmu-mir-340	64.0	49.0	25.0	44.0	53.0	69.0	
mmu-mir-341	3.0	14.0	2.0	1.0	0.0	7.0	
mmu-mir-342	167.0	122.0	71.0	323.0	290.0	424.0	
mmu-mir-345	320.0	512.0	262.0	425.0	566.0	595.0	
mmu-mir-346	0.0	0.0	0.0	1.0	0.0	0.0	
mmu-miR-540-3p	1.0	10.0	2.0	11.0	7.0	10.0	
mmu-miR-7018-3p	0.0	5.0	2.0	2.0	2.0	0.0	
mmu-miR-1231-3p	2.0	0.0	1.0	5.0	2.0	1.0	
mmu-let-7g	187.0	133.0	92.0	123.0	157.0	152.0	
mmu-mir-34a	50.0	36.0	13.0	14.0	24.0	24.0	
mmu-miR-704	0.0	0.0	1.0	4.0	2.0	5.0	
mmu-mir-34b	152.0	182.0	54.0	221.0	228.0	330.0	
mmu-let-7e	13.0	11.0	7.0	8.0	21.0	10.0	
mmu-mir-34c	232.0	229.0	138.0	126.0	110.0	177.0	
mmu-let-7k	8.0	8.0	3.0	12.0	14.0	12.0	
mmu-mir-374b	82.0	67.0	20.0	46.0	62.0	72.0	
mmu-let-7i	24.0	17.0	17.0	9.0	16.0	18.0	
mmu-miR-703	0.0	1.0	0.0	0.0	0.0	0.0	
mmu-mir-374c	0.0	0.0	0.0	0.0	0.0	1.0	
mmu-let-7j	210.0	116.0	76.0	160.0	221.0	222.0	
mmu-miR-19a-5p	11.0	5.0	0.0	0.0	10.0	9.0	
mmu-miR-135a-5p	5.0	11.0	1.0	3.0	5.0	7.0	
mmu-miR-212-5p	36.0	22.0	9.0	78.0	90.0	61.0	
mmu-let-7d	151.0	102.0	67.0	171.0	215.0	199.0	
mmu-mir-361	22.0	21.0	10.0	28.0	29.0	18.0	
mmu-let-7b	426.0	354.0	337.0	318.0	476.0	512.0	
mmu-miR-3080-3p	0.0	0.0	0.0	1.0	0.0	1.0	
mmu-mir-351	26.0	34.0	28.0	45.0	67.0	66.0	
mmu-miR-224-3p	0.0	3.0	0.0	1.0	2.0	1.0	
mmu-miR-138-5p	30.0	22.0	7.0	9.0	24.0	39.0	
mmu-miR-5627-3p	4.0	5.0	0.0	2.0	0.0	2.0	
mmu-miR-1941-5p	5.0	3.0	3.0	8.0	17.0	20.0	
mmu-miR-449c-3p	1.0	3.0	0.0	0.0	2.0	0.0	
mmu-miR-7648-5p	0.0	0.0	0.0	0.0	0.0	3.0	
mmu-miR-467e-5p	16.0	9.0	6.0	17.0	22.0	30.0	
mmu-miR-7661-3p	0.0	1.0	0.0	1.0	2.0	0.0	
mmu-miR-3079-3p	1.0	0.0	0.0	1.0	3.0	0.0	
mmu-miR-7063-5p	0.0	1.0	0.0	1.0	11.0	8.0	
mmu-miR-431-5p	13.0	13.0	3.0	10.0	14.0	17.0	
mmu-mir-370	0.0	1.0	0.0	0.0	0.0	1.0	
mmu-mir-362	1.0	2.0	1.0	0.0	1.0	2.0	
mmu-mir-363	3.0	3.0	0.0	4.0	10.0	11.0	
mmu-miR-7075-3p	11.0	6.0	6.0	20.0	21.0	18.0	
mmu-mir-26a-2	119.0	169.0	88.0	38.0	37.0	61.0	
mmu-mir-26a-1	142.0	175.0	98.0	138.0	160.0	173.0	
mmu-mir-369	0.0	1.0	0.0	1.0	1.0	4.0	
mmu-miR-539-3p	0.0	1.0	0.0	0.0	0.0	0.0	
mmu-miR-19a-3p	529.0	550.0	132.0	194.0	205.0	300.0	
mmu-mir-376a	1.0	1.0	0.0	0.0	0.0	0.0	
mmu-mir-376b	0.0	3.0	0.0	1.0	2.0	1.0	
mmu-miR-592-5p	3.0	2.0	1.0	6.0	5.0	12.0	
mmu-miR-376a-5p	0.0	1.0	0.0	1.0	1.0	2.0	
mmu-miR-151-3p	75893.0	54973.0	23393.0	94241.0	110684.0	118175.0	
mmu-let-7g-5p	27786.0	20507.0	16819.0	28295.0	38313.0	39144.0	
mmu-mir-381	1.0	3.0	3.0	0.0	0.0	1.0	
mmu-mir-382	4.0	9.0	2.0	0.0	4.0	3.0	
mmu-mir-383	1.0	0.0	0.0	1.0	0.0	2.0	
mmu-mir-375	22.0	22.0	4.0	23.0	23.0	34.0	
mmu-miR-5627-5p	0.0	0.0	0.0	0.0	0.0	1.0	
mmu-miR-224-5p	275.0	193.0	72.0	436.0	523.0	538.0	
mmu-mir-377	6.0	4.0	0.0	9.0	7.0	3.0	
mmu-miR-6953-3p	5.0	0.0	2.0	9.0	5.0	5.0	
mmu-miR-1941-3p	29.0	17.0	7.0	25.0	39.0	28.0	
mmu-mir-7036b	0.0	1.0	0.0	0.0	0.0	0.0	
mmu-miR-503-5p	32.0	24.0	12.0	25.0	28.0	27.0	
mmu-miR-6916-5p	3.0	0.0	0.0	1.0	2.0	1.0	
mmu-mir-384	0.0	1.0	0.0	0.0	0.0	0.0	
mmu-mir-181a-1	251.0	212.0	125.0	174.0	189.0	250.0	
mmu-mir-181a-2	584.0	507.0	380.0	686.0	697.0	948.0	
mmu-miR-7031-3p	2.0	2.0	0.0	0.0	5.0	3.0	
mmu-mir-378a	1111.0	1269.0	742.0	872.0	740.0	1419.0	
mmu-mir-378b	4.0	2.0	3.0	0.0	0.0	2.0	
mmu-miR-376a-3p	1.0	3.0	0.0	8.0	3.0	7.0	
mmu-miR-7b-5p	29.0	24.0	27.0	26.0	18.0	50.0	
mmu-mir-378c	0.0	4.0	1.0	0.0	0.0	0.0	
mmu-mir-378d	4.0	4.0	2.0	0.0	3.0	2.0	
mmu-miR-7681-5p	0.0	0.0	0.0	0.0	0.0	1.0	
mmu-mir-669p-2	2.0	0.0	0.0	0.0	2.0	0.0	
mmu-mir-669p-1	2.0	0.0	0.0	0.0	2.0	0.0	
mmu-miR-151-5p	15089.0	11462.0	3705.0	42067.0	51583.0	55488.0	
mmu-miR-361-3p	1173.0	817.0	361.0	892.0	1047.0	1181.0	
mmu-miR-7043-3p	46.0	19.0	11.0	51.0	41.0	70.0	
mmu-miR-455-5p	187.0	173.0	39.0	47.0	64.0	89.0	
mmu-let-7g-3p	57.0	76.0	25.0	17.0	22.0	28.0	
mmu-miR-6928-3p	2.0	0.0	0.0	1.0	3.0	0.0	
mmu-miR-503-3p	149.0	135.0	67.0	215.0	249.0	311.0	
mmu-miR-133a-3p	804.0	4111.0	804.0	7106.0	1304.0	16895.0	
mmu-miR-6985-5p	0.0	0.0	0.0	0.0	1.0	0.0	
mmu-miR-702-3p	24.0	14.0	8.0	15.0	24.0	23.0	
mmu-miR-5615-3p	3.0	4.0	2.0	2.0	0.0	2.0	
mmu-miR-5709-3p	0.0	1.0	1.0	0.0	1.0	0.0	
mmu-miR-328-3p	2983.0	2349.0	1139.0	7970.0	10494.0	10734.0	
mmu-miR-33-5p	17.0	22.0	12.0	29.0	36.0	49.0	
mmu-miR-1893	0.0	0.0	1.0	0.0	0.0	0.0	
mmu-miR-1231-5p	0.0	2.0	0.0	1.0	0.0	1.0	
mmu-miR-7031-5p	0.0	0.0	0.0	1.0	2.0	0.0	
mmu-miR-499-5p	2.0	3.0	2.0	6.0	5.0	13.0	
mmu-miR-361-5p	1446.0	1283.0	437.0	1875.0	2313.0	2446.0	
mmu-let-7c-1	588.0	454.0	394.0	450.0	577.0	573.0	
mmu-let-7c-2	664.0	523.0	467.0	497.0	674.0	669.0	
mmu-miR-212-3p	41.0	16.0	6.0	29.0	65.0	42.0	
mmu-miR-455-3p	147.0	95.0	65.0	639.0	561.0	926.0	
mmu-miR-7648-3p	0.0	0.0	1.0	0.0	2.0	0.0	
mmu-miR-758-3p	3.0	0.0	0.0	0.0	0.0	0.0	
mmu-mir-466a	6.0	0.0	1.0	2.0	8.0	6.0	
mmu-mir-200a	99.0	117.0	60.0	41.0	76.0	58.0	
mmu-mir-466d	5.0	0.0	0.0	1.0	6.0	7.0	
mmu-mir-200b	796.0	598.0	283.0	492.0	616.0	636.0	
mmu-miR-200c-5p	4.0	10.0	2.0	0.0	4.0	5.0	
mmu-miR-133a-5p	20.0	18.0	9.0	11.0	2.0	34.0	
mmu-mir-200c	42.0	29.0	6.0	27.0	37.0	42.0	
mmu-miR-1a-2-5p	0.0	1.0	0.0	0.0	0.0	0.0	
mmu-mir-297a-2	0.0	0.0	0.0	1.0	1.0	2.0	
mmu-mir-466e	6.0	0.0	1.0	3.0	9.0	7.0	
mmu-mir-297a-4	6.0	3.0	1.0	6.0	1.0	6.0	
mmu-mir-466h	0.0	0.0	0.0	0.0	0.0	1.0	
mmu-mir-297a-3	6.0	3.0	1.0	6.0	1.0	6.0	
mmu-mir-466g	0.0	0.0	0.0	1.0	0.0	2.0	
mmu-miR-7067-3p	1.0	2.0	0.0	6.0	2.0	1.0	
mmu-miR-3060-3p	18.0	18.0	7.0	31.0	35.0	32.0	
mmu-mir-466n	3.0	0.0	0.0	1.0	1.0	0.0	
mmu-miR-6899-3p	40.0	30.0	13.0	44.0	48.0	52.0	
mmu-miR-10b-3p	1.0	6.0	2.0	8.0	2.0	7.0	
mmu-mir-466m	0.0	0.0	0.0	1.0	0.0	0.0	
mmu-mir-466p	8.0	3.0	0.0	6.0	10.0	12.0	
mmu-mir-466o	0.0	1.0	0.0	3.0	0.0	4.0	
mmu-miR-7238-5p	1.0	0.0	0.0	0.0	0.0	0.0	
mmu-miR-33-3p	21.0	35.0	10.0	24.0	30.0	25.0	
mmu-let-7f-1-3p	240.0	214.0	72.0	71.0	88.0	108.0	
mmu-miR-382-5p	6.0	3.0	3.0	11.0	8.0	22.0	
mmu-mir-467c	10.0	1.0	1.0	14.0	13.0	11.0	
mmu-miR-6956-3p	4.0	2.0	1.0	2.0	5.0	2.0	
mmu-mir-467b	9.0	12.0	7.0	33.0	30.0	44.0	
mmu-mir-467e	4.0	12.0	4.0	14.0	14.0	11.0	
mmu-miR-3059-5p	0.0	0.0	0.0	1.0	0.0	0.0	
mmu-mir-29a	3412.0	2619.0	624.0	3716.0	4070.0	5263.0	
mmu-mir-467d	7.0	3.0	2.0	8.0	6.0	10.0	
mmu-mir-29c	155.0	148.0	49.0	122.0	104.0	130.0	
mmu-miR-6932-5p	1.0	0.0	1.0	4.0	3.0	2.0	
mmu-mir-467h	0.0	0.0	0.0	1.0	0.0	0.0	
mmu-miR-148a-5p	918.0	1195.0	815.0	912.0	937.0	1216.0	
mmu-mir-1188	0.0	1.0	0.0	0.0	0.0	0.0	
mmu-miR-1902	0.0	0.0	0.0	0.0	1.0	0.0	
mmu-mir-29b-1	91.0	96.0	42.0	79.0	94.0	116.0	
mmu-mir-29b-2	86.0	77.0	35.0	75.0	85.0	112.0	
mmu-miR-101a-3p	35123.0	63906.0	33082.0	28992.0	29219.0	40856.0	
mmu-miR-154-3p	1.0	0.0	0.0	1.0	2.0	2.0	
mmu-miR-5619-3p	0.0	0.0	0.0	0.0	1.0	2.0	
mmu-mir-1192	3.0	0.0	0.0	0.0	2.0	0.0	
mmu-mir-1199	7.0	2.0	0.0	0.0	3.0	5.0	
mmu-mir-1198	1.0	3.0	0.0	1.0	1.0	2.0	
mmu-miR-19b-1-5p	2.0	5.0	0.0	1.0	1.0	2.0	
mmu-miR-18b-5p	6.0	3.0	2.0	5.0	4.0	7.0	
mmu-miR-6944-3p	52.0	38.0	17.0	41.0	31.0	39.0	
mmu-miR-7664-3p	2.0	0.0	0.0	0.0	0.0	0.0	
mmu-miR-30c-1-3p	36.0	18.0	6.0	101.0	107.0	137.0	
mmu-miR-5620-3p	0.0	0.0	0.0	0.0	1.0	1.0	
mmu-mir-6896	0.0	0.0	1.0	1.0	0.0	2.0	
mmu-miR-7043-5p	1.0	0.0	0.0	1.0	0.0	0.0	
mmu-mir-6418	0.0	0.0	0.0	0.0	1.0	2.0	
mmu-miR-344e-3p	0.0	0.0	0.0	1.0	0.0	0.0	
mmu-mir-6899	0.0	0.0	0.0	0.0	0.0	1.0	
mmu-miR-8103	21.0	18.0	8.0	79.0	58.0	73.0	
mmu-miR-8101	0.0	0.0	0.0	0.0	1.0	0.0	
mmu-miR-8107	0.0	0.0	0.0	0.0	0.0	1.0	
mmu-miR-8106	0.0	0.0	0.0	0.0	2.0	0.0	
mmu-miR-8105	0.0	1.0	0.0	3.0	1.0	2.0	
mmu-miR-34a-5p	1509.0	1419.0	613.0	796.0	961.0	1168.0	
mmu-miR-154-5p	0.0	13.0	1.0	9.0	6.0	6.0	
mmu-mir-218-1	31.0	27.0	14.0	12.0	11.0	14.0	
mmu-mir-218-2	31.0	28.0	12.0	12.0	9.0	15.0	
mmu-miR-126b-3p	1.0	0.0	0.0	0.0	0.0	0.0	
mmu-miR-1968-3p	0.0	1.0	0.0	4.0	0.0	2.0	
mmu-miR-1956	1.0	2.0	3.0	2.0	2.0	1.0	
mmu-miR-1958	0.0	0.0	0.0	1.0	0.0	0.0	
mmu-miR-142a-5p	17249.0	15348.0	2779.0	30925.0	32181.0	48489.0	
mmu-miR-1950	1.0	0.0	0.0	0.0	0.0	0.0	
mmu-miR-8108	0.0	1.0	0.0	0.0	0.0	0.0	
mmu-miR-1953	1.0	1.0	0.0	2.0	4.0	1.0	
mmu-miR-370-3p	0.0	3.0	0.0	5.0	6.0	2.0	
mmu-miR-1954	2.0	4.0	1.0	4.0	6.0	5.0	
mmu-miR-6395	0.0	1.0	0.0	4.0	11.0	2.0	
mmu-miR-7226-3p	76.0	88.0	64.0	98.0	65.0	122.0	
mmu-miR-369-3p	18.0	14.0	12.0	8.0	5.0	17.0	
mmu-miR-6399	0.0	2.0	0.0	0.0	0.0	0.0	
mmu-mir-5101	0.0	0.0	0.0	0.0	0.0	1.0	
mmu-mir-5104	0.0	0.0	0.0	0.0	1.0	0.0	
mmu-miR-6988-5p	0.0	0.0	0.0	4.0	0.0	2.0	
mmu-mir-5100	0.0	2.0	0.0	1.0	1.0	3.0	
mmu-miR-1945	0.0	1.0	0.0	1.0	3.0	1.0	
mmu-miR-1949	1.0	0.0	0.0	2.0	1.0	1.0	
mmu-miR-6919-5p	1.0	0.0	0.0	0.0	0.0	0.0	
mmu-mir-5108	0.0	0.0	0.0	2.0	0.0	0.0	
mmu-mir-5107	5.0	0.0	2.0	21.0	16.0	29.0	
mmu-miR-6993-3p	1.0	1.0	0.0	0.0	0.0	0.0	
mmu-miR-337-3p	4.0	9.0	2.0	6.0	4.0	14.0	
mmu-miR-7011-3p	0.0	2.0	0.0	0.0	0.0	1.0	
mmu-miR-200c-3p	3193.0	3242.0	1974.0	2214.0	2869.0	2697.0	
mmu-miR-6899-5p	0.0	1.0	1.0	0.0	3.0	0.0	
mmu-miR-6389	0.0	0.0	0.0	1.0	1.0	2.0	
mmu-mir-5113	1.0	0.0	1.0	2.0	1.0	2.0	
mmu-let-7c-1-3p	6.0	5.0	0.0	3.0	14.0	7.0	
mmu-mir-3073b	0.0	1.0	0.0	0.0	0.0	0.0	
mmu-mir-5114	0.0	2.0	2.0	4.0	3.0	2.0	
mmu-miR-7023-3p	2.0	4.0	0.0	3.0	1.0	4.0	
mmu-miR-1936	0.0	0.0	0.0	0.0	1.0	1.0	
mmu-miR-7238-3p	0.0	0.0	0.0	0.0	1.0	0.0	
mmu-miR-1938	0.0	0.0	0.0	0.0	0.0	2.0	
mmu-mir-5116	1.0	0.0	0.0	0.0	1.0	0.0	
mmu-miR-540-5p	2.0	14.0	2.0	10.0	15.0	21.0	
mmu-mir-5119	0.0	0.0	1.0	0.0	0.0	0.0	
mmu-miR-7079-3p	1.0	1.0	0.0	4.0	5.0	3.0	
mmu-mir-129-1	0.0	0.0	0.0	0.0	1.0	0.0	
mmu-mir-129-2	0.0	0.0	0.0	0.0	1.0	0.0	
mmu-miR-370-5p	0.0	0.0	0.0	0.0	1.0	0.0	
mmu-miR-1931	0.0	0.0	0.0	0.0	2.0	0.0	
mmu-miR-1932	2.0	0.0	0.0	0.0	1.0	0.0	
mmu-miR-6988-3p	46.0	36.0	14.0	132.0	93.0	139.0	
mmu-miR-369-5p	1.0	2.0	2.0	3.0	0.0	1.0	
mmu-miR-449c-5p	1129.0	4594.0	1487.0	3591.0	2619.0	5975.0	
mmu-miR-6932-3p	3.0	1.0	0.0	4.0	2.0	1.0	
mmu-mir-5123	2.0	6.0	0.0	13.0	12.0	10.0	
mmu-mir-5126	0.0	0.0	1.0	1.0	3.0	0.0	
mmu-mir-5125	5.0	1.0	0.0	0.0	2.0	3.0	
mmu-mir-5120	1.0	4.0	1.0	3.0	1.0	9.0	
mmu-mir-5122	6.0	4.0	3.0	11.0	6.0	3.0	
mmu-miR-325-3p	1.0	0.0	0.0	0.0	1.0	1.0	
mmu-mir-5121	0.0	0.0	0.0	0.0	3.0	0.0	
mmu-miR-465b-5p	2.0	1.0	0.0	0.0	0.0	0.0	
mmu-mir-208a	0.0	2.0	1.0	1.0	0.0	12.0	
mmu-miR-669f-5p	1.0	0.0	1.0	5.0	6.0	4.0	
mmu-mir-208b	76.0	38.0	9.0	11.0	18.0	17.0	
mmu-mir-5128	1.0	1.0	1.0	1.0	1.0	3.0	
mmu-miR-1927	0.0	1.0	1.0	11.0	16.0	9.0	
mmu-miR-7067-5p	0.0	0.0	2.0	1.0	1.0	1.0	
mmu-mir-5129	1.0	1.0	0.0	2.0	0.0	1.0	
mmu-miR-876-5p	0.0	0.0	1.0	0.0	0.0	0.0	
mmu-miR-6976-5p	0.0	0.0	0.0	0.0	0.0	1.0	
mmu-miR-463-5p	0.0	1.0	0.0	0.0	0.0	0.0	
mmu-miR-93-3p	25.0	15.0	9.0	24.0	38.0	38.0	
mmu-miR-7011-5p	0.0	2.0	0.0	0.0	0.0	0.0	
mmu-miR-6912-5p	1.0	1.0	0.0	0.0	0.0	1.0	
mmu-miR-1981-5p	51.0	42.0	44.0	80.0	111.0	89.0	
mmu-miR-93-5p	9165.0	7116.0	2954.0	8358.0	8958.0	11849.0	
mmu-miR-1912-3p	51.0	39.0	13.0	54.0	32.0	56.0	
mmu-mir-5136	5.0	0.0	0.0	2.0	0.0	1.0	
mmu-mir-5131	6.0	0.0	0.0	4.0	0.0	0.0	
mmu-miR-345-3p	66.0	79.0	53.0	112.0	123.0	114.0	
mmu-mir-5130	0.0	0.0	0.0	0.0	1.0	2.0	
mmu-mir-5133	1.0	1.0	0.0	0.0	1.0	1.0	
mmu-mir-5132	1.0	0.0	1.0	1.0	0.0	1.0	
mmu-mir-103-2	33.0	25.0	17.0	15.0	10.0	15.0	
mmu-mir-103-1	23.0	17.0	13.0	15.0	9.0	12.0	
mmu-miR-450b-5p	1105.0	1236.0	386.0	838.0	954.0	1230.0	
mmu-miR-7035-3p	0.0	2.0	0.0	3.0	5.0	6.0	
mmu-miR-483-3p	1.0	0.0	1.0	1.0	0.0	0.0	
mmu-miR-122-3p	0.0	0.0	1.0	0.0	1.0	0.0	
mmu-miR-495-3p	5.0	11.0	3.0	0.0	3.0	2.0	
mmu-miR-301a-5p	7.0	6.0	2.0	8.0	8.0	12.0	
mmu-miR-669f-3p	1.0	3.0	1.0	7.0	11.0	5.0	
mmu-miR-6924-3p	0.0	0.0	0.0	1.0	0.0	0.0	
mmu-miR-191-3p	16.0	9.0	5.0	21.0	33.0	36.0	
mmu-miR-465b-3p	1.0	1.0	0.0	0.0	0.0	0.0	
mmu-mir-138-2	0.0	0.0	0.0	1.0	0.0	0.0	
mmu-mir-138-1	0.0	2.0	0.0	5.0	1.0	0.0	
mmu-miR-216a-5p	0.0	0.0	0.0	0.0	0.0	1.0	
mmu-mir-6481	2.0	0.0	0.0	0.0	0.0	0.0	
mmu-miR-1981-3p	80.0	59.0	21.0	78.0	87.0	95.0	
mmu-miR-34a-3p	7.0	14.0	1.0	2.0	8.0	5.0	
mmu-mir-3473c	0.0	0.0	0.0	1.0	2.0	0.0	
mmu-miR-1912-5p	53.0	38.0	14.0	15.0	14.0	15.0	
mmu-miR-181d-5p	3942.0	3866.0	2454.0	4188.0	4934.0	5450.0	
mmu-mir-3473f	1.0	1.0	0.0	0.0	0.0	1.0	
mmu-mir-3473g	0.0	0.0	0.0	0.0	0.0	2.0	
mmu-mir-3473d	2.0	6.0	2.0	3.0	7.0	5.0	
mmu-miR-6981-5p	0.0	0.0	1.0	2.0	5.0	2.0	
mmu-miR-345-5p	117.0	150.0	38.0	46.0	65.0	80.0	
mmu-miR-1968-5p	5.0	10.0	14.0	32.0	73.0	33.0	
mmu-miR-544-5p	1.0	0.0	0.0	0.0	0.0	0.0	
mmu-miR-500-3p	123.0	131.0	63.0	64.0	91.0	96.0	
mmu-miR-450b-3p	12.0	13.0	14.0	4.0	9.0	6.0	
mmu-miR-30d-5p	421144.0	348461.0	173343.0	484562.0	516564.0	639091.0	
mmu-miR-142a-3p	929.0	1376.0	385.0	1862.0	1907.0	3060.0	
mmu-miR-669m-3p	0.0	0.0	1.0	0.0	1.0	0.0	
mmu-miR-6936-3p	0.0	0.0	0.0	1.0	0.0	0.0	
mmu-miR-122-5p	19.0	52.0	35.0	136.0	389.0	245.0	
mmu-miR-1258-5p	2.0	0.0	0.0	0.0	1.0	1.0	
mmu-miR-3084-5p	1.0	4.0	1.0	5.0	6.0	8.0	
mmu-miR-134-3p	0.0	0.0	0.0	1.0	0.0	0.0	
mmu-miR-7688-5p	15.0	24.0	6.0	19.0	21.0	23.0	
mmu-miR-181d-3p	1.0	4.0	0.0	7.0	4.0	2.0	
mmu-mir-708	1.0	6.0	1.0	1.0	0.0	4.0	
mmu-miR-532-5p	1493.0	2004.0	1060.0	1039.0	1125.0	1589.0	
mmu-miR-7059-5p	2.0	1.0	0.0	6.0	11.0	10.0	
mmu-miR-6981-3p	6.0	6.0	2.0	11.0	17.0	16.0	
mmu-miR-1b-3p	0.0	2.0	2.0	5.0	2.0	4.0	
mmu-miR-6968-5p	0.0	0.0	0.0	0.0	1.0	0.0	
mmu-miR-1948-3p	3.0	1.0	0.0	8.0	7.0	10.0	
mmu-miR-6769b-3p	0.0	1.0	0.0	0.0	0.0	0.0	
mmu-miR-7676-3p	5.0	1.0	0.0	0.0	0.0	0.0	
mmu-miR-544-3p	0.0	0.0	0.0	0.0	1.0	0.0	
mmu-mir-700	9.0	6.0	2.0	7.0	13.0	7.0	
mmu-miR-7664-5p	1.0	0.0	0.0	1.0	0.0	0.0	
mmu-miR-7092-3p	0.0	2.0	1.0	2.0	1.0	0.0	
mmu-mir-16-2	145.0	109.0	27.0	61.0	59.0	91.0	
mmu-mir-702	0.0	1.0	0.0	0.0	0.0	0.0	
mmu-mir-703	1.0	2.0	0.0	0.0	2.0	0.0	
mmu-miR-16-5p	96103.0	74722.0	23093.0	133238.0	148266.0	179513.0	
mmu-mir-16-1	343.0	326.0	177.0	147.0	157.0	227.0	
mmu-miR-6900-3p	0.0	0.0	0.0	0.0	0.0	1.0	
mmu-mir-719	0.0	0.0	0.0	2.0	0.0	0.0	
mmu-mir-466c-1	8.0	2.0	0.0	4.0	10.0	9.0	
mmu-mir-466c-2	8.0	2.0	0.0	4.0	10.0	9.0	
mmu-miR-3108-5p	0.0	0.0	0.0	2.0	0.0	3.0	
mmu-mir-466c-3	8.0	2.0	0.0	4.0	10.0	9.0	
mmu-miR-3084-3p	59.0	50.0	13.0	148.0	123.0	154.0	
mmu-miR-193b-3p	303.0	589.0	130.0	199.0	233.0	292.0	
mmu-miR-7060-3p	1.0	0.0	0.0	1.0	2.0	2.0	
mmu-miR-134-5p	54.0	38.0	28.0	27.0	27.0	42.0	
mmu-miR-377-5p	1.0	1.0	0.0	0.0	0.0	4.0	
mmu-mir-5124a	0.0	0.0	0.0	0.0	1.0	0.0	
mmu-mir-3084-2	16.0	11.0	3.0	43.0	38.0	35.0	
mmu-mir-3084-1	16.0	11.0	3.0	43.0	38.0	35.0	
mmu-mir-717	0.0	0.0	0.0	1.0	0.0	0.0	
mmu-mir-718	0.0	0.0	0.0	0.0	1.0	0.0	
mmu-miR-6912-3p	0.0	0.0	1.0	0.0	0.0	0.0	
mmu-miR-218-1-3p	29.0	24.0	8.0	51.0	54.0	46.0	
mmu-miR-670-3p	1.0	0.0	0.0	0.0	0.0	0.0	
mmu-miR-532-3p	51.0	47.0	10.0	78.0	61.0	91.0	
mmu-miR-6968-3p	5.0	4.0	1.0	11.0	10.0	12.0	
mmu-miR-296-3p	3.0	1.0	4.0	7.0	7.0	6.0	
mmu-mir-1957a	0.0	0.0	1.0	0.0	0.0	0.0	
mmu-miR-9769-3p	2.0	6.0	4.0	3.0	5.0	3.0	
mmu-miR-7092-5p	0.0	1.0	0.0	1.0	0.0	0.0	
mmu-miR-3072-3p	0.0	0.0	0.0	0.0	2.0	0.0	
mmu-miR-6956-5p	1.0	0.0	0.0	0.0	0.0	0.0	
mmu-miR-483-5p	0.0	1.0	0.0	0.0	0.0	3.0	
mmu-miR-138-2-3p	0.0	0.0	0.0	1.0	0.0	1.0	
mmu-miR-216a-3p	0.0	0.0	0.0	1.0	0.0	0.0	
mmu-mir-3470b	1.0	3.0	0.0	0.0	1.0	1.0	
mmu-miR-191-5p	145408.0	99303.0	33942.0	181550.0	227029.0	214563.0	
mmu-miR-301a-3p	5371.0	4816.0	1265.0	2129.0	2396.0	2898.0	
mmu-miR-101a-5p	79.0	83.0	15.0	89.0	88.0	161.0	
mmu-miR-215-5p	116.0	70.0	55.0	110.0	95.0	188.0	
mmu-miR-133c	1.0	1.0	0.0	0.0	0.0	1.0	
mmu-miR-21a-3p	111.0	597.0	395.0	1088.0	1306.0	1648.0	
mmu-miR-7050-3p	0.0	1.0	0.0	0.0	0.0	0.0	
mmu-miR-669c-5p	20.0	22.0	13.0	34.0	51.0	59.0	
mmu-miR-6996-5p	1.0	4.0	1.0	18.0	11.0	14.0	
mmu-miR-296-5p	9.0	9.0	6.0	4.0	10.0	17.0	
mmu-miR-7049-5p	0.0	0.0	1.0	4.0	3.0	3.0	
mmu-miR-103-1-5p	1.0	0.0	0.0	0.0	0.0	0.0	
mmu-miR-467b-5p	3.0	3.0	2.0	3.0	8.0	4.0	
mmu-miR-3535	41715.0	39932.0	25345.0	15125.0	16297.0	16606.0	
mmu-miR-194-1-3p	0.0	1.0	0.0	0.0	0.0	0.0	
mmu-miR-330-5p	273.0	306.0	112.0	645.0	865.0	766.0	
mmu-miR-342-5p	17.0	14.0	16.0	62.0	88.0	80.0	
mmu-miR-7037-5p	0.0	0.0	0.0	1.0	0.0	0.0	
mmu-miR-3110-5p	2.0	2.0	0.0	1.0	0.0	2.0	
mmu-miR-7679-5p	1.0	0.0	0.0	0.0	0.0	0.0	
mmu-miR-29b-3p	2262.0	2777.0	506.0	2431.0	2636.0	3337.0	
mmu-mir-692-3	4.0	3.0	3.0	1.0	0.0	0.0	
mmu-miR-182-5p	42503.0	36849.0	27353.0	32695.0	40155.0	42688.0	
mmu-mir-692-1	2.0	0.0	1.0	0.0	0.0	0.0	
mmu-mir-692-2	4.0	3.0	3.0	1.0	0.0	0.0	
mmu-miR-6939-3p	0.0	1.0	0.0	1.0	4.0	3.0	
mmu-miR-21a-5p	127082.0	95397.0	53996.0	61346.0	73046.0	86720.0	
mmu-miR-3547-3p	5.0	1.0	0.0	4.0	6.0	5.0	
mmu-miR-7049-3p	2.0	2.0	1.0	2.0	0.0	5.0	
mmu-miR-330-3p	36.0	38.0	13.0	41.0	75.0	62.0	
mmu-miR-3088-3p	3.0	4.0	0.0	4.0	1.0	10.0	
mmu-miR-329-5p	8.0	34.0	6.0	7.0	12.0	20.0	
mmu-miR-99b-3p	297.0	232.0	161.0	209.0	273.0	272.0	
mmu-miR-3076-5p	0.0	1.0	0.0	0.0	1.0	1.0	
mmu-miR-6984-3p	0.0	1.0	0.0	1.0	1.0	0.0	
mmu-miR-130a-5p	4.0	1.0	0.0	3.0	4.0	10.0	
mmu-miR-493-3p	1.0	0.0	0.0	1.0	0.0	0.0	
mmu-mir-652	3.0	7.0	1.0	6.0	7.0	9.0	
mmu-mir-653	114.0	114.0	75.0	53.0	99.0	55.0	
mmu-miR-30a-5p	1985009.0	1847378.0	810792.0	1814391.0	1897890.0	2503592.0	
mmu-miR-199b-3p	42316.0	30560.0	10599.0	32451.0	34582.0	44898.0	
mmu-miR-182-3p	0.0	0.0	0.0	0.0	2.0	4.0	
mmu-miR-497a-3p	41.0	61.0	30.0	39.0	42.0	64.0	
mmu-miR-181b-2-3p	1.0	0.0	1.0	1.0	1.0	1.0	
mmu-miR-6960-5p	0.0	3.0	2.0	5.0	3.0	4.0	
mmu-miR-7655-5p	9.0	6.0	6.0	7.0	7.0	6.0	
mmu-miR-3064-3p	3.0	1.0	0.0	2.0	2.0	5.0	
mmu-miR-7005-3p	1.0	0.0	0.0	1.0	1.0	0.0	
mmu-miR-1264-3p	139.0	74.0	35.0	99.0	96.0	147.0	
mmu-let-7d-5p	6990.0	5326.0	4268.0	19383.0	26460.0	27449.0	
mmu-mir-1894	0.0	1.0	0.0	0.0	1.0	1.0	
mmu-mir-1893	2.0	0.0	0.0	1.0	1.0	0.0	
mmu-mir-664	35.0	26.0	13.0	19.0	31.0	31.0	
mmu-miR-99b-5p	91604.0	86823.0	23346.0	152630.0	154068.0	188756.0	
mmu-miR-137-3p	0.0	0.0	0.0	0.0	0.0	3.0	
mmu-mir-665	1.0	0.0	0.0	0.0	0.0	0.0	
mmu-mir-668	2.0	2.0	1.0	2.0	5.0	5.0	
mmu-miR-3076-3p	4.0	3.0	2.0	9.0	7.0	10.0	
mmu-miR-7062-5p	0.0	0.0	0.0	0.0	2.0	1.0	
mmu-miR-130a-3p	9823.0	10310.0	2712.0	15102.0	17541.0	19096.0	
mmu-miR-3064-5p	4.0	1.0	0.0	2.0	2.0	3.0	
mmu-miR-7074-3p	0.0	1.0	0.0	0.0	0.0	1.0	
mmu-mir-671	17.0	9.0	10.0	14.0	10.0	12.0	
mmu-mir-673	0.0	1.0	0.0	0.0	0.0	2.0	
mmu-mir-674	22.0	10.0	13.0	27.0	31.0	42.0	
mmu-miR-673-5p	31.0	53.0	12.0	30.0	37.0	46.0	
mmu-mir-676	7.0	7.0	3.0	7.0	12.0	6.0	
mmu-mir-677	29.0	29.0	13.0	32.0	31.0	12.0	
mmu-miR-6972-3p	0.0	2.0	0.0	2.0	0.0	0.0	
mmu-miR-497a-5p	2215.0	1981.0	527.0	2753.0	3216.0	3972.0	
mmu-mir-679	0.0	1.0	1.0	1.0	3.0	0.0	
mmu-miR-7667-3p	0.0	0.0	0.0	1.0	0.0	2.0	
mmu-miR-203-3p	3893.0	2914.0	1488.0	2242.0	2392.0	3373.0	
mmu-miR-150-3p	24.0	23.0	7.0	74.0	59.0	134.0	
mmu-miR-3552	2.0	3.0	1.0	3.0	2.0	3.0	
mmu-miR-215-3p	3.0	0.0	2.0	0.0	0.0	1.0	
mmu-miR-194-5p	567.0	519.0	173.0	739.0	803.0	1074.0	
mmu-let-7d-3p	2530.0	2228.0	1130.0	1770.0	2811.0	2175.0	
mmu-miR-412-5p	0.0	1.0	0.0	1.0	0.0	1.0	
mmu-mir-682	0.0	1.0	0.0	1.0	0.0	0.0	
mmu-mir-203	1632.0	989.0	503.0	994.0	1105.0	1342.0	
mmu-mir-205	1.0	2.0	2.0	2.0	1.0	3.0	
mmu-mir-142a	17312.0	9190.0	2954.0	20148.0	27543.0	25710.0	
mmu-miR-6959-5p	0.0	0.0	1.0	1.0	0.0	2.0	
mmu-miR-6915-3p	0.0	0.0	0.0	1.0	3.0	1.0	
mmu-mir-20a	15.0	10.0	4.0	5.0	8.0	11.0	
mmu-mir-20b	1.0	1.0	0.0	0.0	4.0	2.0	
mmu-miR-7679-3p	1.0	0.0	0.0	0.0	0.0	0.0	
mmu-miR-342-3p	2866.0	2539.0	882.0	4365.0	4182.0	6020.0	
mmu-miR-219b-3p	1.0	0.0	0.0	0.0	0.0	0.0	
mmu-mir-693	0.0	0.0	2.0	0.0	0.0	0.0	
mmu-mir-210	4.0	11.0	10.0	12.0	17.0	25.0	
mmu-mir-694	0.0	0.0	0.0	0.0	0.0	1.0	
mmu-mir-212	1.0	1.0	0.0	5.0	11.0	6.0	
mmu-mir-214	234.0	168.0	74.0	379.0	346.0	431.0	
mmu-miR-6546-5p	0.0	0.0	0.0	0.0	1.0	0.0	
mmu-mir-215	1.0	2.0	0.0	0.0	0.0	0.0	
mmu-miR-673-3p	6.0	6.0	7.0	10.0	8.0	15.0	
mmu-miR-203-5p	10.0	6.0	3.0	12.0	6.0	13.0	
mmu-mir-217	0.0	0.0	0.0	2.0	0.0	1.0	
mmu-miR-7017-3p	0.0	0.0	0.0	2.0	1.0	0.0	
mmu-miR-3074-1-3p	11.0	15.0	1.0	17.0	14.0	27.0	
mmu-miR-7667-5p	0.0	0.0	0.0	2.0	0.0	0.0	
mmu-miR-150-5p	4398.0	3781.0	1046.0	12588.0	10890.0	17946.0	
mmu-mir-21a	2973.0	1959.0	1297.0	802.0	1038.0	1147.0	
mmu-miR-24-3p	73092.0	73833.0	38590.0	141376.0	118196.0	203085.0	
mmu-miR-1964-3p	64.0	50.0	25.0	89.0	112.0	105.0	
mmu-miR-208b-3p	822.0	433.0	147.0	409.0	381.0	438.0	
mmu-miR-362-5p	97.0	70.0	28.0	98.0	118.0	155.0	
mmu-miR-466d-3p	6.0	6.0	0.0	9.0	12.0	14.0	
mmu-miR-27b-3p	217268.0	207031.0	90683.0	323303.0	368320.0	414536.0	
mmu-miR-7659-5p	0.0	0.0	0.0	0.0	0.0	3.0	
mmu-mir-221	6.0	7.0	4.0	19.0	16.0	12.0	
mmu-mir-133a-2	518.0	3663.0	746.0	4990.0	967.0	12504.0	
mmu-mir-222	115.0	107.0	84.0	87.0	126.0	110.0	
mmu-mir-223	21.0	16.0	5.0	34.0	47.0	71.0	
mmu-mir-224	7.0	4.0	4.0	8.0	10.0	7.0	
mmu-mir-133a-1	518.0	3661.0	746.0	4990.0	967.0	12503.0	
mmu-mir-8098	0.0	0.0	0.0	1.0	0.0	0.0	
mmu-miR-149-5p	57.0	105.0	26.0	169.0	121.0	304.0	
mmu-mir-8097	1.0	1.0	2.0	1.0	1.0	3.0	
mmu-mir-8094	7.0	0.0	2.0	13.0	8.0	9.0	
mmu-mir-8092	1.0	0.0	0.0	0.0	0.0	1.0	
mmu-mir-8093	0.0	1.0	0.0	0.0	0.0	0.0	
mmu-miR-3068-5p	209.0	234.0	78.0	26.0	50.0	64.0	
mmu-miR-7115-5p	0.0	2.0	0.0	0.0	0.0	0.0	
mmu-miR-23a-5p	1.0	1.0	0.0	3.0	1.0	1.0	
mmu-miR-450a-1-3p	6.0	10.0	5.0	4.0	10.0	8.0	
mmu-miR-488-3p	4.0	3.0	3.0	3.0	4.0	5.0	
mmu-miR-677-5p	46.0	90.0	36.0	87.0	115.0	165.0	
mmu-miR-3102-3p	271.0	187.0	92.0	242.0	366.0	317.0	
mmu-miR-6976-3p	0.0	3.0	2.0	4.0	5.0	2.0	
mmu-miR-7017-5p	0.0	0.0	0.0	1.0	1.0	0.0	
mmu-mir-496a	10.0	9.0	2.0	0.0	3.0	1.0	
mmu-mir-145a	463.0	562.0	237.0	1161.0	1142.0	1798.0	
mmu-mir-23a	143.0	126.0	51.0	142.0	154.0	173.0	
mmu-mir-23b	1217.0	1022.0	597.0	873.0	2051.0	1108.0	
mmu-miR-6964-3p	2.0	1.0	2.0	2.0	5.0	7.0	
mmu-miR-27b-5p	172.0	118.0	71.0	162.0	271.0	214.0	
mmu-miR-208b-5p	1.0	0.0	0.0	0.0	0.0	0.0	
mmu-miR-466d-5p	1.0	2.0	0.0	4.0	5.0	4.0	
mmu-miR-466o-5p	0.0	0.0	0.0	2.0	2.0	3.0	
mmu-miR-1264-5p	3.0	6.0	4.0	6.0	5.0	8.0	
mmu-miR-6952-5p	1.0	1.0	0.0	1.0	3.0	5.0	
mmu-mir-497a	15.0	17.0	9.0	17.0	26.0	27.0	
mmu-mir-146b	17409.0	9616.0	8043.0	5568.0	6139.0	6658.0	
mmu-mir-146a	3955.0	2207.0	1184.0	2922.0	4187.0	3960.0	
mmu-miR-23a-3p	19140.0	15964.0	6123.0	32978.0	35624.0	43478.0	
mmu-miR-665-5p	2.0	1.0	0.0	0.0	0.0	0.0	
mmu-miR-219a-1-3p	40.0	28.0	8.0	41.0	48.0	38.0	
mmu-miR-6919-3p	0.0	0.0	0.0	1.0	3.0	2.0	
mmu-miR-3068-3p	289.0	230.0	121.0	176.0	215.0	274.0	
mmu-miR-677-3p	1.0	5.0	3.0	51.0	46.0	105.0	
mmu-miR-337-5p	12.0	21.0	7.0	18.0	24.0	32.0	
mmu-miR-7030-3p	0.0	0.0	0.0	0.0	1.0	1.0	
mmu-miR-7086-3p	0.0	1.0	0.0	0.0	0.0	1.0	
mmu-miR-211-5p	40.0	62.0	5.0	107.0	89.0	207.0	
mmu-miR-6939-5p	0.0	0.0	0.0	0.0	1.0	0.0	
mmu-miR-3971	0.0	0.0	0.0	2.0	1.0	0.0	
mmu-mir-450b	53.0	51.0	8.0	22.0	20.0	29.0	
mmu-miR-3970	1.0	0.0	1.0	0.0	1.0	0.0	
mmu-miR-7042-5p	0.0	0.0	0.0	0.0	2.0	0.0	
mmu-miR-16-2-3p	102.0	66.0	33.0	75.0	136.0	142.0	
mmu-miR-223-3p	806.0	799.0	289.0	1169.0	1406.0	2275.0	
mmu-miR-7647-3p	0.0	0.0	0.0	0.0	1.0	0.0	
mmu-miR-329-3p	10.0	12.0	4.0	4.0	2.0	7.0	
mmu-miR-653-3p	0.0	1.0	0.0	0.0	0.0	0.0	
mmu-miR-18b-3p	3.0	2.0	0.0	20.0	4.0	19.0	
mmu-miR-6952-3p	6.0	6.0	5.0	35.0	18.0	27.0	
mmu-miR-5626-3p	0.0	0.0	0.0	1.0	0.0	0.0	
mmu-mir-148a	937.0	1220.0	788.0	450.0	535.0	576.0	
mmu-miR-7054-3p	5.0	4.0	0.0	0.0	4.0	4.0	
mmu-mir-148b	4.0	4.0	2.0	2.0	5.0	2.0	
mmu-miR-6940-3p	1.0	2.0	3.0	1.0	0.0	4.0	
mmu-mir-6967-1	0.0	0.0	0.0	0.0	1.0	0.0	
mmu-mir-451b	0.0	0.0	0.0	0.0	0.0	2.0	
mmu-mir-451a	566.0	363.0	102.0	138.0	151.0	205.0	
mmu-miR-665-3p	0.0	2.0	1.0	0.0	1.0	1.0	
mmu-mir-6967-2	0.0	0.0	0.0	0.0	1.0	0.0	
mmu-miR-30a-3p	5686.0	10831.0	5458.0	7010.0	11942.0	8902.0	
mmu-miR-3969	0.0	0.0	0.0	1.0	0.0	0.0	
mmu-miR-199b-5p	708.0	877.0	231.0	492.0	556.0	764.0	
mmu-miR-3962	14.0	13.0	4.0	8.0	10.0	7.0	
mmu-miR-3964	1.0	0.0	0.0	1.0	0.0	1.0	
mmu-miR-3963	347.0	142.0	56.0	498.0	627.0	1030.0	
mmu-mir-101b	2425.0	3617.0	1923.0	1391.0	1621.0	2037.0	
mmu-mir-101a	5641.0	6226.0	3698.0	3562.0	3911.0	5373.0	
mmu-miR-3968	0.0	0.0	0.0	1.0	0.0	0.0	
mmu-miR-186-5p	43167.0	31354.0	10142.0	33813.0	39254.0	43512.0	
mmu-mir-26b	3244.0	2558.0	1491.0	1397.0	1487.0	2108.0	
mmu-miR-350-3p	116.0	91.0	39.0	110.0	211.0	199.0	
mmu-mir-101c	0.0	0.0	0.0	0.0	0.0	2.0	
mmu-miR-7086-5p	0.0	0.0	0.0	0.0	1.0	0.0	
mmu-miR-362-3p	102.0	128.0	33.0	67.0	65.0	107.0	
mmu-miR-7042-3p	3.0	2.0	0.0	10.0	2.0	7.0	
mmu-miR-1964-5p	0.0	0.0	0.0	0.0	1.0	3.0	
mmu-mir-181b-2	151.0	136.0	80.0	125.0	155.0	184.0	
mmu-miR-223-5p	160.0	277.0	124.0	148.0	243.0	339.0	
mmu-miR-6996-3p	2.0	0.0	1.0	0.0	1.0	0.0	
mmu-mir-181b-1	113.0	105.0	64.0	121.0	142.0	153.0	
mmu-mir-27a	25.0	16.0	12.0	45.0	69.0	44.0	
mmu-mir-27b	1069.0	869.0	408.0	2385.0	2961.0	2877.0	
mmu-miR-148a-3p	49848.0	89662.0	47108.0	49951.0	55131.0	68202.0	
mmu-mir-296	0.0	1.0	0.0	0.0	0.0	0.0	
mmu-mir-298	1.0	0.0	0.0	0.0	0.0	2.0	
mmu-miR-129-5p	3.0	3.0	1.0	4.0	3.0	2.0	
mmu-mir-28a	21.0	34.0	24.0	32.0	39.0	37.0	
mmu-miR-186-3p	1.0	4.0	0.0	1.0	3.0	3.0	
mmu-miR-350-5p	38.0	57.0	28.0	74.0	99.0	109.0	
mmu-miR-874-3p	249.0	238.0	82.0	407.0	313.0	480.0	
mmu-mir-28c	6.0	7.0	0.0	21.0	22.0	13.0	
mmu-mir-191	881.0	579.0	225.0	2449.0	3092.0	2954.0	
mmu-mir-192	2476.0	2126.0	656.0	3629.0	3957.0	4900.0	
mmu-miR-7651-5p	0.0	1.0	0.0	2.0	2.0	0.0	
mmu-miR-6240	342.0	104.0	114.0	13.0	27.0	24.0	
mmu-mir-186	254.0	245.0	86.0	271.0	380.0	394.0	
mmu-miR-760-5p	0.0	0.0	2.0	0.0	0.0	0.0	
mmu-miR-344d-3p	9.0	9.0	6.0	8.0	27.0	16.0	
mmu-mir-187	38.0	29.0	20.0	46.0	70.0	71.0	
mmu-miR-141-5p	137.0	166.0	98.0	185.0	194.0	250.0	
mmu-miR-3105-3p	15.0	13.0	5.0	21.0	18.0	27.0	
mmu-miR-6979-3p	8.0	0.0	1.0	6.0	4.0	11.0	
mmu-mir-669a-12	3.0	0.0	0.0	0.0	5.0	1.0	
mmu-mir-669a-11	3.0	0.0	0.0	0.0	5.0	1.0	
mmu-mir-669a-10	3.0	0.0	0.0	0.0	5.0	1.0	
mmu-miR-125a-5p	84645.0	60852.0	28493.0	228087.0	256478.0	273148.0	
mmu-miR-1955-5p	14.0	11.0	8.0	37.0	53.0	53.0	
mmu-miR-218-2-3p	1.0	2.0	0.0	0.0	0.0	0.0	
mmu-miR-6236	2.0	3.0	2.0	0.0	0.0	0.0	
mmu-miR-153-3p	357.0	379.0	99.0	350.0	447.0	512.0	
mmu-miR-6967-5p	0.0	0.0	1.0	0.0	0.0	0.0	
mmu-miR-10a-5p	1893281.0	1788189.0	930452.0	3074082.0	3226947.0	4268295.0	
mmu-miR-7091-3p	0.0	3.0	0.0	2.0	5.0	3.0	
mmu-mir-18a	5.0	5.0	2.0	5.0	9.0	8.0	
mmu-mir-18b	0.0	0.0	0.0	1.0	1.0	2.0	
mmu-miR-211-3p	0.0	0.0	0.0	0.0	0.0	3.0	
mmu-miR-7009-5p	2.0	0.0	0.0	0.0	0.0	1.0	
mmu-miR-668-3p	4.0	7.0	2.0	7.0	16.0	7.0	
mmu-miR-7054-5p	0.0	1.0	1.0	0.0	1.0	0.0	
mmu-mir-106b	136.0	71.0	63.0	84.0	89.0	114.0	
mmu-miR-3105-5p	0.0	2.0	0.0	0.0	2.0	4.0	
mmu-mir-19a	38.0	30.0	8.0	10.0	24.0	21.0	
mmu-miR-125a-3p	47.0	50.0	31.0	134.0	199.0	198.0	
mmu-miR-7010-3p	0.0	0.0	0.0	0.0	1.0	0.0	
mmu-miR-760-3p	3.0	2.0	6.0	3.0	10.0	14.0	
mmu-miR-1955-3p	10.0	4.0	5.0	5.0	9.0	8.0	
mmu-miR-153-5p	22.0	9.0	5.0	6.0	11.0	14.0	
mmu-miR-292a-3p	0.0	0.0	0.0	0.0	2.0	0.0	
mmu-miR-6967-3p	3.0	0.0	0.0	0.0	1.0	0.0	
mmu-miR-6911-3p	13.0	9.0	6.0	25.0	19.0	15.0	
mmu-miR-10a-3p	451.0	392.0	127.0	380.0	434.0	582.0	
mmu-miR-7675-3p	0.0	0.0	0.0	0.0	0.0	4.0	
mmu-miR-487b-3p	1.0	3.0	3.0	9.0	2.0	10.0	
mmu-miR-32-5p	309.0	322.0	106.0	188.0	229.0	292.0	
mmu-miR-1943-5p	161.0	130.0	113.0	494.0	560.0	659.0	
mmu-let-7f-2-3p	385.0	291.0	103.0	98.0	124.0	159.0	
mmu-miR-7091-5p	0.0	1.0	3.0	2.0	1.0	6.0	
mmu-miR-1198-5p	208.0	161.0	84.0	211.0	322.0	293.0	
mmu-miR-6955-5p	3.0	1.0	0.0	2.0	0.0	3.0	
mmu-miR-7663-5p	0.0	0.0	0.0	0.0	0.0	1.0	
mmu-mir-467a-3	15.0	4.0	5.0	3.0	7.0	11.0	
mmu-mir-467a-2	15.0	4.0	5.0	3.0	7.0	11.0	
mmu-miR-7225-5p	29.0	1.0	0.0	0.0	0.0	0.0	
mmu-mir-467a-5	15.0	4.0	5.0	3.0	7.0	11.0	
mmu-mir-467a-4	15.0	4.0	5.0	3.0	7.0	11.0	
mmu-mir-467a-7	15.0	4.0	5.0	3.0	7.0	11.0	
mmu-mir-467a-6	15.0	4.0	5.0	3.0	7.0	11.0	
mmu-mir-467a-9	15.0	4.0	5.0	3.0	7.0	11.0	
mmu-mir-467a-8	15.0	4.0	5.0	3.0	7.0	11.0	
mmu-miR-452-5p	1.0	2.0	0.0	3.0	1.0	0.0	
mmu-miR-692	0.0	0.0	0.0	2.0	0.0	0.0	
mmu-miR-466h-3p	1.0	0.0	1.0	1.0	4.0	7.0	
mmu-mir-1191a	0.0	0.0	2.0	1.0	1.0	0.0	
mmu-miR-326-3p	319.0	398.0	126.0	1292.0	1373.0	1652.0	
mmu-miR-694	1.0	1.0	0.0	1.0	1.0	2.0	
mmu-mir-1191b	0.0	1.0	0.0	1.0	0.0	0.0	
mmu-miR-181c-5p	55681.0	56838.0	28379.0	46009.0	53980.0	60978.0	
mmu-mir-128-1	1.0	3.0	2.0	5.0	8.0	3.0	
mmu-mir-128-2	0.0	0.0	0.0	1.0	2.0	2.0	
mmu-miR-365-2-5p	5.0	6.0	3.0	15.0	24.0	51.0	
mmu-miR-6992-5p	3.0	0.0	0.0	0.0	0.0	0.0	
mmu-miR-7010-5p	0.0	2.0	1.0	0.0	3.0	1.0	
mmu-miR-195a-5p	14365.0	13027.0	4404.0	20502.0	22480.0	27126.0	
mmu-miR-292a-5p	0.0	1.0	1.0	0.0	0.0	0.0	
mmu-miR-34b-3p	1336.0	1198.0	616.0	3297.0	4095.0	4433.0	
mmu-miR-346-5p	15.0	1.0	1.0	1.0	3.0	6.0	
mmu-miR-3102-3p.2-3p	93.0	64.0	25.0	92.0	69.0	98.0	
mmu-miR-7022-3p	0.0	0.0	0.0	0.0	1.0	0.0	
mmu-miR-7237-3p	3.0	7.0	6.0	2.0	1.0	3.0	
mmu-miR-293-3p	0.0	1.0	1.0	1.0	0.0	3.0	
mmu-miR-32-3p	15.0	14.0	5.0	24.0	27.0	23.0	
mmu-mir-7647	1.0	0.0	0.0	0.0	0.0	0.0	
mmu-miR-6955-3p	1.0	0.0	1.0	1.0	0.0	2.0	
mmu-miR-6943-5p	0.0	0.0	1.0	1.0	0.0	0.0	
mmu-miR-21c	23.0	18.0	14.0	4.0	9.0	11.0	
mmu-miR-21b	1.0	0.0	0.0	0.0	0.0	0.0	
mmu-miR-1198-3p	3.0	2.0	0.0	10.0	3.0	7.0	
mmu-miR-452-3p	0.0	1.0	0.0	0.0	0.0	0.0	
mmu-mir-7653	0.0	0.0	0.0	0.0	1.0	0.0	
mmu-miR-466h-5p	1.0	0.0	2.0	4.0	6.0	5.0	
mmu-miR-3081-3p	0.0	3.0	5.0	9.0	4.0	1.0	
mmu-mir-7650	0.0	1.0	0.0	0.0	0.0	0.0	
mmu-miR-181c-3p	444.0	691.0	379.0	487.0	526.0	679.0	
mmu-miR-877-3p	95.0	73.0	26.0	61.0	51.0	77.0	
mmu-miR-195a-3p	375.0	261.0	187.0	276.0	403.0	382.0	
mmu-mir-7666	2.0	0.0	0.0	0.0	1.0	0.0	
mmu-miR-34b-5p	2846.0	3831.0	1052.0	1561.0	1358.0	2646.0	
mmu-miR-682	2.0	2.0	1.0	0.0	1.0	1.0	
mmu-miR-684	2.0	0.0	0.0	0.0	0.0	0.0	
mmu-mir-7661	0.0	0.0	0.0	0.0	2.0	0.0	
mmu-miR-293-5p	1.0	1.0	0.0	0.0	0.0	1.0	
mmu-mir-7668	0.0	0.0	0.0	0.0	1.0	3.0	
mmu-mir-194-1	1.0	1.0	0.0	0.0	0.0	0.0	
mmu-miR-6943-3p	1.0	1.0	1.0	4.0	3.0	8.0	
mmu-mir-194-2	10.0	9.0	4.0	5.0	2.0	7.0	
mmu-miR-511-3p	46.0	47.0	11.0	16.0	35.0	26.0	
mmu-miR-1247-5p	104.0	51.0	28.0	207.0	292.0	208.0	
mmu-miR-6935-5p	1.0	0.0	0.0	1.0	2.0	1.0	
mmu-mir-7675	1.0	1.0	1.0	0.0	0.0	3.0	
mmu-miR-322-3p	885.0	926.0	462.0	1081.0	1339.0	1583.0	
mmu-mir-7672	1.0	0.0	0.0	0.0	0.0	0.0	
mmu-miR-7213-3p	3.0	2.0	1.0	10.0	21.0	15.0	
mmu-miR-218-5p	1197.0	1181.0	456.0	920.0	902.0	1169.0	
mmu-mir-684-2	0.0	1.0	0.0	0.0	0.0	0.0	
mmu-mir-3074-2	5.0	3.0	2.0	2.0	6.0	13.0	
mmu-mir-684-1	0.0	1.0	0.0	0.0	0.0	0.0	
mmu-miR-3097-3p	5.0	4.0	2.0	3.0	9.0	6.0	
mmu-mir-3074-1	5.0	4.0	2.0	2.0	7.0	18.0	
mmu-mir-7680	1.0	0.0	0.0	4.0	4.0	2.0	
mmu-miR-877-5p	33.0	20.0	10.0	102.0	93.0	145.0	
mmu-miR-6959-3p	2.0	2.0	0.0	1.0	1.0	1.0	
mmu-miR-20b-3p	0.0	1.0	0.0	1.0	0.0	0.0	
mmu-mir-7688	0.0	1.0	1.0	1.0	0.0	0.0	
mmu-miR-30e-3p	2131.0	2537.0	1409.0	1587.0	2798.0	2015.0	
mmu-miR-3572-5p	0.0	0.0	0.0	1.0	0.0	1.0	
mmu-mir-7a-2	39.0	39.0	34.0	15.0	19.0	33.0	
mmu-mir-1903	1.0	0.0	0.0	0.0	1.0	4.0	
mmu-mir-7a-1	45.0	42.0	36.0	17.0	24.0	37.0	
mmu-mir-1902	0.0	1.0	0.0	0.0	0.0	0.0	
mmu-mir-1901	0.0	1.0	0.0	0.0	2.0	0.0	
mmu-mir-1905	2.0	0.0	0.0	0.0	0.0	0.0	
mmu-miR-1247-3p	3.0	1.0	0.0	3.0	6.0	8.0	
mmu-mir-7213	0.0	0.0	0.0	1.0	1.0	0.0	
mmu-miR-7655-3p	2.0	10.0	2.0	0.0	4.0	6.0	
mmu-miR-7046-3p	7.0	7.0	0.0	4.0	11.0	14.0	
mmu-miR-301b-3p	32.0	15.0	7.0	21.0	39.0	40.0	
mmu-miR-7213-5p	4.0	1.0	0.0	8.0	16.0	14.0	
mmu-mir-1912	0.0	1.0	0.0	0.0	0.0	0.0	
mmu-miR-128-1-5p	21.0	18.0	14.0	17.0	11.0	38.0	
mmu-miR-20b-5p	22.0	21.0	0.0	24.0	15.0	24.0	
mmu-miR-7083-3p	8.0	3.0	2.0	15.0	10.0	27.0	
mmu-miR-7058-3p	0.0	0.0	0.0	0.0	0.0	1.0	
mmu-mir-7226	0.0	2.0	1.0	2.0	8.0	6.0	
mmu-mir-190b	1.0	1.0	1.0	3.0	1.0	4.0	
mmu-mir-7224	0.0	3.0	1.0	2.0	4.0	2.0	
mmu-mir-190a	3.0	5.0	3.0	0.0	1.0	0.0	
mmu-mir-7225	1.0	0.0	0.0	0.0	0.0	0.0	
mmu-mir-6374	0.0	0.0	0.0	0.0	1.0	0.0	
mmu-miR-7046-5p	0.0	0.0	0.0	0.0	1.0	0.0	
mmu-miR-26a-2-3p	52.0	54.0	20.0	24.0	28.0	58.0	
mmu-miR-3572-3p	8.0	8.0	3.0	7.0	9.0	8.0	
mmu-miR-450a-5p	628.0	711.0	181.0	609.0	681.0	869.0	
mmu-mir-467a-1	15.0	4.0	5.0	3.0	7.0	11.0	
mmu-mir-1927	0.0	0.0	0.0	0.0	0.0	2.0	
mmu-miR-28c	39.0	15.0	10.0	32.0	36.0	48.0	
mmu-miR-3109-3p	5.0	4.0	3.0	20.0	22.0	25.0	
mmu-mir-7237	2.0	0.0	0.0	0.0	0.0	0.0	
mmu-mir-7238	0.0	0.0	0.0	1.0	0.0	0.0	
mmu-mir-7235	0.0	0.0	0.0	0.0	1.0	2.0	
mmu-miR-193a-5p	6.0	13.0	5.0	33.0	30.0	28.0	
mmu-mir-7231	0.0	0.0	0.0	0.0	1.0	0.0	
mmu-miR-92b-5p	26.0	25.0	8.0	20.0	42.0	50.0	
mmu-miR-449b	3.0	7.0	2.0	6.0	6.0	11.0	
mmu-miR-7071-5p	0.0	0.0	0.0	0.0	1.0	0.0	
mmu-mir-1933	0.0	0.0	0.0	1.0	0.0	0.0	
mmu-miR-465a-3p	1.0	1.0	0.0	0.0	0.0	0.0	
mmu-miR-764-5p	12.0	5.0	4.0	17.0	15.0	26.0	
mmu-mir-1932	0.0	0.0	1.0	0.0	0.0	3.0	
mmu-mir-1931	0.0	0.0	0.0	0.0	1.0	0.0	
mmu-miR-7687-5p	1.0	0.0	2.0	5.0	2.0	3.0	
mmu-mir-1936	0.0	0.0	0.0	0.0	0.0	1.0	
mmu-mir-1934	1.0	2.0	0.0	1.0	1.0	1.0	
mmu-mir-1938	0.0	2.0	1.0	0.0	0.0	1.0	
mmu-mir-7240	0.0	0.0	0.0	1.0	0.0	0.0	
mmu-miR-6911-5p	0.0	0.0	0.0	0.0	0.0	2.0	
mmu-miR-6980-5p	0.0	1.0	0.0	0.0	0.0	0.0	
mmu-miR-3061-5p	5.0	6.0	4.0	11.0	13.0	14.0	
mmu-mir-6396	0.0	0.0	0.0	0.0	1.0	0.0	
mmu-mir-467a-10	15.0	4.0	5.0	3.0	7.0	11.0	
mmu-mir-1943	0.0	0.0	0.0	2.0	1.0	2.0	
mmu-mir-1941	17.0	11.0	7.0	20.0	30.0	38.0	
mmu-mir-1948	1.0	3.0	0.0	2.0	5.0	3.0	
mmu-mir-1947	0.0	0.0	1.0	1.0	1.0	0.0	
mmu-miR-3109-5p	1.0	3.0	1.0	1.0	2.0	5.0	
mmu-miR-3154	1.0	0.0	0.0	2.0	0.0	1.0	
mmu-mir-193b	16.0	25.0	8.0	17.0	12.0	17.0	
mmu-miR-693-3p	2.0	0.0	1.0	2.0	2.0	1.0	
mmu-miR-6935-3p	0.0	2.0	0.0	2.0	0.0	1.0	
mmu-mir-193a	0.0	1.0	1.0	0.0	0.0	0.0	
mmu-mir-8104	0.0	0.0	0.0	0.0	2.0	0.0	
mmu-mir-8105	0.0	0.0	0.0	0.0	0.0	1.0	
mmu-miR-193a-3p	80.0	300.0	38.0	100.0	108.0	153.0	
mmu-mir-8103	0.0	0.0	1.0	1.0	1.0	3.0	
mmu-miR-7026-3p	0.0	0.0	0.0	0.0	1.0	0.0	
mmu-miR-322-5p	11999.0	14663.0	4864.0	24800.0	25305.0	33933.0	
mmu-mir-8101	1.0	0.0	2.0	1.0	0.0	2.0	
mmu-mir-1950	0.0	0.0	0.0	0.0	0.0	1.0	
mmu-miR-764-3p	18.0	11.0	3.0	20.0	8.0	22.0	
mmu-mir-1955	1.0	2.0	0.0	2.0	2.0	3.0	
mmu-mir-1954	0.0	0.0	0.0	1.0	2.0	0.0	
mmu-mir-1953	1.0	1.0	0.0	0.0	0.0	1.0	
mmu-mir-8108	0.0	0.0	2.0	0.0	1.0	1.0	
mmu-miR-6980-3p	5.0	6.0	1.0	25.0	28.0	32.0	
mmu-mir-1956	3.0	3.0	0.0	2.0	0.0	1.0	
mmu-miR-7071-3p	2.0	0.0	0.0	0.0	1.0	0.0	
mmu-miR-206-3p	1.0	2.0	1.0	2.0	2.0	11.0	
mmu-miR-7687-3p	0.0	1.0	0.0	1.0	0.0	0.0	
mmu-mir-466b-1	3.0	2.0	0.0	4.0	2.0	8.0	
mmu-miR-7119-3p	0.0	0.0	0.0	1.0	0.0	0.0	
mmu-mir-466b-2	3.0	1.0	0.0	4.0	2.0	6.0	
mmu-mir-466b-3	0.0	1.0	0.0	3.0	1.0	5.0	
mmu-mir-466b-4	3.0	2.0	0.0	4.0	2.0	8.0	
mmu-mir-466b-5	3.0	2.0	0.0	4.0	2.0	8.0	
mmu-miR-3110-3p	0.0	4.0	0.0	0.0	0.0	0.0	
mmu-mir-466b-6	3.0	2.0	0.0	4.0	2.0	8.0	
mmu-mir-466b-7	3.0	2.0	0.0	4.0	2.0	8.0	
mmu-mir-466b-8	3.0	1.0	0.0	1.0	2.0	4.0	
mmu-miR-466a-3p	9.0	9.0	1.0	18.0	28.0	21.0	
mmu-mir-8118	3.0	0.0	1.0	0.0	2.0	4.0	
mmu-miR-30e-5p	122346.0	112079.0	41688.0	76634.0	84087.0	105894.0	
mmu-mir-8115	0.0	0.0	0.0	1.0	0.0	1.0	
mmu-mir-8114	52.0	7.0	27.0	51.0	30.0	33.0	
mmu-miR-1947-5p	45.0	27.0	20.0	87.0	86.0	88.0	
mmu-mir-8111	15.0	14.0	2.0	21.0	20.0	22.0	
mmu-miR-3061-3p	29.0	14.0	10.0	24.0	29.0	29.0	
mmu-mir-8112	6.0	14.0	8.0	23.0	34.0	39.0	
mmu-mir-1962	0.0	1.0	0.0	0.0	2.0	0.0	
mmu-mir-1961	0.0	0.0	0.0	0.0	2.0	0.0	
mmu-mir-1960	0.0	0.0	0.0	0.0	0.0	1.0	
mmu-mir-1966	1.0	0.0	0.0	0.0	3.0	1.0	
mmu-miR-543-3p	3.0	1.0	3.0	2.0	2.0	5.0	
mmu-mir-1964	3.0	6.0	1.0	12.0	13.0	8.0	
mmu-mir-1968	3.0	1.0	1.0	1.0	4.0	5.0	
mmu-miR-3077-3p	1.0	0.0	0.0	2.0	1.0	2.0	
mmu-mir-7031	0.0	0.0	0.0	3.0	0.0	0.0	
mmu-miR-7061-5p	0.0	0.0	0.0	0.0	0.0	1.0	
mmu-miR-130b-5p	9.0	16.0	3.0	63.0	74.0	67.0	
mmu-miR-466l-3p	1.0	0.0	0.0	0.0	0.0	0.0	
mmu-mir-7038	0.0	0.0	0.0	1.0	0.0	1.0	
mmu-miR-433-5p	0.0	0.0	2.0	1.0	1.0	0.0	
mmu-miR-7118-3p	0.0	0.0	0.0	2.0	1.0	0.0	
mmu-mir-7033	0.0	0.0	0.0	0.0	1.0	0.0	
mmu-mir-7034	0.0	0.0	0.0	1.0	0.0	0.0	
mmu-mir-669a-1	3.0	0.0	0.0	0.0	5.0	1.0	
mmu-miR-3065-5p	1.0	1.0	0.0	1.0	2.0	4.0	
mmu-miR-7073-3p	0.0	0.0	0.0	1.0	0.0	0.0	
mmu-miR-6973a-3p	0.0	0.0	0.0	4.0	2.0	1.0	
mmu-mir-669a-5	3.0	0.0	0.0	0.0	5.0	1.0	
mmu-mir-669a-4	3.0	0.0	0.0	0.0	5.0	1.0	
mmu-mir-500	2.0	0.0	1.0	0.0	2.0	0.0	
mmu-mir-669a-3	3.0	1.0	0.0	1.0	4.0	0.0	
mmu-miR-30b-5p	31891.0	31078.0	10490.0	20355.0	27170.0	27264.0	
mmu-miR-199a-3p	42337.0	30581.0	10604.0	32474.0	34610.0	44929.0	
mmu-mir-501	3.0	4.0	1.0	3.0	10.0	4.0	
mmu-mir-669a-2	3.0	0.0	0.0	0.0	5.0	1.0	
mmu-mir-503	20.0	14.0	5.0	23.0	31.0	43.0	
mmu-miR-106b-5p	682.0	730.0	282.0	470.0	567.0	720.0	
mmu-mir-504	0.0	0.0	0.0	0.0	1.0	0.0	
mmu-mir-505	4.0	5.0	2.0	4.0	4.0	4.0	
mmu-miR-28a-3p	272.0	514.0	307.0	424.0	525.0	561.0	
mmu-mir-7042	0.0	0.0	1.0	1.0	3.0	1.0	
mmu-miR-7085-3p	1.0	0.0	0.0	1.0	1.0	0.0	
mmu-mir-7043	1.0	0.0	0.0	2.0	0.0	1.0	
mmu-miR-669o-3p	42.0	35.0	18.0	44.0	53.0	68.0	
mmu-miR-6938-3p	0.0	0.0	1.0	1.0	0.0	0.0	
mmu-miR-1a-3p	1017.0	4699.0	2746.0	9360.0	1856.0	25697.0	
mmu-miR-466a-5p	1.0	0.0	0.0	0.0	0.0	0.0	
mmu-mir-7048	0.0	0.0	1.0	1.0	0.0	0.0	
mmu-mir-7049	1.0	1.0	4.0	1.0	1.0	3.0	
mmu-mir-7046	0.0	0.0	0.0	0.0	1.0	0.0	
mmu-miR-7004-3p	0.0	0.0	0.0	4.0	3.0	0.0	
mmu-mir-7044	0.0	0.0	1.0	0.0	1.0	0.0	
mmu-let-7e-5p	4888.0	3404.0	2724.0	5920.0	10244.0	8678.0	
mmu-miR-136-3p	40.0	72.0	27.0	40.0	37.0	63.0	
mmu-mir-511	8.0	4.0	1.0	4.0	8.0	9.0	
mmu-miR-1191b-5p	11.0	21.0	16.0	32.0	22.0	36.0	
mmu-miR-99a-3p	317.0	508.0	208.0	232.0	226.0	309.0	
mmu-miR-467c-3p	0.0	1.0	0.0	0.0	1.0	1.0	
mmu-miR-501-5p	9.0	3.0	2.0	6.0	7.0	12.0	
mmu-miR-7061-3p	0.0	0.0	0.0	0.0	0.0	2.0	
mmu-miR-100-5p	6865.0	7205.0	2363.0	12477.0	12685.0	16539.0	
mmu-mir-99a	87.0	88.0	27.0	149.0	181.0	214.0	
mmu-mir-7051	0.0	0.0	0.0	0.0	1.0	0.0	
mmu-mir-99b	32.0	39.0	25.0	54.0	75.0	65.0	
mmu-miR-130b-3p	306.0	244.0	41.0	677.0	971.0	856.0	
mmu-miR-181a-1-3p	1545.0	1318.0	675.0	714.0	859.0	976.0	
mmu-miR-5107-5p	4.0	0.0	0.0	14.0	13.0	16.0	
mmu-miR-3065-3p	1.0	0.0	0.0	1.0	0.0	0.0	
mmu-miR-30b-3p	607.0	564.0	271.0	516.0	698.0	762.0	
mmu-miR-29c-3p	3841.0	3476.0	869.0	3807.0	4126.0	5362.0	
mmu-miR-199a-5p	4960.0	4769.0	1637.0	6287.0	6273.0	8253.0	
mmu-miR-6537-3p	0.0	0.0	0.0	0.0	0.0	1.0	
mmu-miR-1306-5p	6.0	0.0	0.0	3.0	13.0	8.0	
mmu-miR-28a-5p	827.0	694.0	270.0	1039.0	1282.0	1552.0	
mmu-miR-7016-3p	1.0	0.0	0.0	2.0	1.0	2.0	
mmu-miR-669o-5p	5.0	3.0	2.0	8.0	13.0	14.0	
mmu-miR-7658-3p	0.0	1.0	0.0	4.0	3.0	3.0	
mmu-miR-1843b-3p	147.0	91.0	59.0	148.0	146.0	180.0	
mmu-mir-7061	2.0	0.0	0.0	2.0	0.0	2.0	
mmu-mir-7068	0.0	0.0	0.0	0.0	3.0	3.0	
mmu-miR-297a-5p	0.0	1.0	0.0	0.0	8.0	6.0	
mmu-miR-7004-5p	1.0	0.0	0.0	0.0	1.0	1.0	
mmu-mir-7067	0.0	1.0	0.0	0.0	1.0	1.0	
mmu-miR-7646-5p	5.0	5.0	2.0	1.0	0.0	10.0	
mmu-miR-3473g	3.0	1.0	0.0	1.0	3.0	0.0	
mmu-let-7e-3p	129.0	101.0	32.0	43.0	98.0	78.0	
mmu-miR-3473d	19.0	42.0	6.0	34.0	42.0	32.0	
mmu-miR-652-3p	2504.0	1886.0	1016.0	3347.0	3628.0	4425.0	
mmu-miR-136-5p	110.0	160.0	42.0	138.0	125.0	186.0	
mmu-mir-532	7.0	8.0	3.0	5.0	3.0	8.0	
mmu-miR-145a-5p	11935.0	16307.0	4683.0	13435.0	12683.0	24671.0	
mmu-miR-99a-5p	9599.0	8823.0	3003.0	12679.0	12707.0	17188.0	
mmu-miR-194-2-3p	3.0	1.0	4.0	1.0	3.0	4.0	
mmu-miR-467c-5p	10.0	5.0	2.0	20.0	32.0	21.0	
mmu-mir-7075	0.0	2.0	0.0	0.0	0.0	0.0	
mmu-miR-669a-3-3p	0.0	4.0	0.0	0.0	2.0	0.0	
mmu-mir-7073	0.0	0.0	0.0	0.0	2.0	1.0	
mmu-miR-6983-5p	0.0	1.0	0.0	1.0	1.0	0.0	
mmu-miR-6914-3p	0.0	0.0	0.0	14.0	17.0	6.0	
mmu-miR-5107-3p	8.0	7.0	1.0	14.0	11.0	26.0	
mmu-miR-7a-1-3p	86.0	107.0	29.0	82.0	130.0	128.0	
mmu-miR-100-3p	7.0	0.0	1.0	2.0	5.0	2.0	
mmu-miR-9-3p	1.0	6.0	3.0	0.0	1.0	3.0	
mmu-mir-7079	0.0	1.0	1.0	0.0	0.0	1.0	
mmu-miR-490-5p	14.0	12.0	5.0	23.0	37.0	46.0	
mmu-mir-7077	0.0	1.0	0.0	0.0	0.0	0.0	
mmu-mir-540	0.0	0.0	0.0	1.0	1.0	0.0	
mmu-mir-541	11.0	7.0	3.0	4.0	4.0	3.0	
mmu-mir-542	95.0	101.0	78.0	65.0	72.0	81.0	
mmu-miR-29c-5p	69.0	80.0	41.0	41.0	47.0	54.0	
mmu-mir-546	0.0	0.0	0.0	0.0	1.0	0.0	
mmu-miR-202-5p	0.0	0.0	0.0	0.0	0.0	1.0	
mmu-miR-98-3p	92.0	55.0	38.0	12.0	11.0	11.0	
mmu-miR-871-3p	8.0	9.0	2.0	0.0	1.0	0.0	
mmu-miR-1306-3p	2.0	5.0	1.0	3.0	7.0	10.0	
mmu-mir-7087	0.0	0.0	0.0	0.0	1.0	0.0	
mmu-miR-1843b-5p	815.0	693.0	412.0	824.0	968.0	1056.0	
mmu-mir-7084	0.0	0.0	1.0	0.0	2.0	1.0	
mmu-miR-363-5p	3.0	0.0	0.0	3.0	1.0	3.0	
mmu-mir-7085	0.0	0.0	0.0	2.0	0.0	0.0	
mmu-mir-7083	1.0	0.0	0.0	0.0	0.0	0.0	
mmu-mir-7081	0.0	0.0	0.0	0.0	0.0	1.0	
mmu-miR-214-3p	702.0	640.0	259.0	1061.0	1155.0	1379.0	
mmu-miR-208a-3p	8.0	137.0	29.0	211.0	21.0	492.0	
mmu-miR-145a-3p	2725.0	2760.0	992.0	4099.0	5118.0	6290.0	
mmu-mir-1306	3.0	3.0	2.0	7.0	17.0	14.0	
mmu-mir-3964	19.0	1.0	1.0	12.0	11.0	12.0	
mmu-mir-7090	0.0	1.0	0.0	0.0	0.0	0.0	
mmu-miR-744-5p	910.0	941.0	514.0	1427.0	1778.0	1874.0	
mmu-miR-375-3p	6413.0	6041.0	2529.0	6540.0	5475.0	9319.0	
mmu-mir-3969	0.0	0.0	0.0	0.0	1.0	0.0	
mmu-miR-331-5p	5.0	14.0	3.0	25.0	25.0	37.0	
mmu-mir-7093	1.0	0.0	0.0	0.0	0.0	0.0	
mmu-miR-6983-3p	0.0	1.0	1.0	0.0	3.0	0.0	
mmu-mir-7092	0.0	0.0	0.0	0.0	0.0	2.0	
mmu-mir-3970	8.0	7.0	5.0	9.0	16.0	16.0	
mmu-mir-3971	0.0	1.0	0.0	0.0	0.0	0.0	
mmu-miR-7028-5p	0.0	0.0	0.0	1.0	0.0	0.0	
mmu-miR-219a-5p	37.0	59.0	15.0	34.0	18.0	42.0	
mmu-miR-7073-5p	0.0	1.0	0.0	0.0	0.0	0.0	
mmu-miR-672-5p	95.0	68.0	55.0	110.0	126.0	147.0	
mmu-miR-98-5p	4129.0	2953.0	2397.0	3791.0	6994.0	5388.0	
mmu-miR-871-5p	1.0	1.0	0.0	0.0	0.0	1.0	
mmu-mir-130b	0.0	0.0	0.0	4.0	4.0	1.0	
mmu-mir-130a	2.0	1.0	0.0	5.0	9.0	14.0	
mmu-miR-3097-5p	4.0	1.0	0.0	4.0	5.0	2.0	
mmu-mir-466f-1	1.0	0.0	0.0	1.0	0.0	0.0	
mmu-mir-466f-2	1.0	0.0	0.0	1.0	0.0	0.0	
mmu-mir-466f-3	1.0	1.0	0.0	3.0	1.0	0.0	
mmu-miR-214-5p	97.0	107.0	27.0	79.0	68.0	105.0	
mmu-miR-208a-5p	0.0	4.0	0.0	12.0	1.0	19.0	
mmu-miR-331-3p	109.0	123.0	47.0	52.0	82.0	56.0	
mmu-miR-6999-3p	1.0	0.0	0.0	0.0	0.0	0.0	
mmu-miR-6926-3p	0.0	0.0	0.0	2.0	0.0	3.0	
mmu-mir-574	0.0	2.0	1.0	1.0	5.0	2.0	
mmu-miR-744-3p	51.0	45.0	28.0	49.0	62.0	61.0	
mmu-miR-501-3p	318.0	311.0	101.0	515.0	576.0	706.0	
mmu-miR-574-3p	506.0	445.0	115.0	480.0	790.0	930.0	
mmu-miR-5134-3p	0.0	0.0	0.0	0.0	2.0	1.0	
mmu-miR-935	3.0	0.0	0.0	0.0	0.0	1.0	
mmu-miR-700-3p	57.0	50.0	19.0	85.0	96.0	104.0	
mmu-miR-505-3p	13.0	5.0	2.0	5.0	7.0	14.0	
mmu-mir-582	233.0	246.0	188.0	196.0	190.0	288.0	
mmu-miR-7671-5p	0.0	0.0	1.0	3.0	0.0	1.0	
mmu-mir-100	9.0	12.0	5.0	13.0	11.0	12.0	
mmu-miR-6906-5p	1.0	0.0	0.0	0.0	0.0	0.0	
mmu-mir-107	1.0	4.0	4.0	2.0	0.0	1.0	
mmu-miR-185-3p	9.0	9.0	8.0	15.0	21.0	15.0	
mmu-miR-3057-3p	0.0	0.0	0.0	0.0	4.0	3.0	
mmu-miR-351-3p	7.0	19.0	6.0	31.0	53.0	51.0	
mmu-miR-7683-5p	0.0	2.0	0.0	0.0	0.0	0.0	
mmu-mir-10a	120775.0	117417.0	55904.0	175769.0	183984.0	235052.0	
mmu-miR-338-5p	36.0	38.0	11.0	42.0	63.0	79.0	
mmu-mir-10b	5895.0	12175.0	4519.0	4026.0	3657.0	5844.0	
mmu-miR-24-1-5p	161.0	186.0	82.0	257.0	227.0	332.0	
mmu-miR-7041-5p	1.0	0.0	0.0	0.0	1.0	0.0	
mmu-mir-219a-1	6.0	3.0	3.0	3.0	1.0	4.0	
mmu-miR-126a-3p	69426.0	50288.0	19607.0	52119.0	68112.0	74216.0	
mmu-mir-598	2.0	1.0	0.0	1.0	0.0	2.0	
mmu-miR-7053-3p	0.0	0.0	0.0	1.0	0.0	0.0	
mmu-mir-5709	0.0	0.0	0.0	2.0	1.0	0.0	
mmu-miR-700-5p	152.0	137.0	64.0	50.0	57.0	79.0	
mmu-mir-133b	0.0	1.0	0.0	0.0	0.0	0.0	
mmu-miR-505-5p	4.0	4.0	4.0	18.0	19.0	23.0	
mmu-miR-6931-3p	0.0	0.0	0.0	1.0	2.0	0.0	
mmu-miR-490-3p	854.0	1360.0	218.0	899.0	651.0	1708.0	
mmu-miR-676-5p	38.0	42.0	43.0	40.0	42.0	55.0	
mmu-mir-122	1.0	3.0	2.0	1.0	12.0	3.0	
mmu-miR-3103-3p	8.0	3.0	3.0	10.0	7.0	14.0	
mmu-mir-5710	0.0	1.0	0.0	0.0	0.0	1.0	
mmu-miR-6918-5p	1.0	0.0	0.0	0.0	1.0	0.0	
mmu-mir-3535	3434.0	3407.0	2431.0	1584.0	1843.0	1841.0	
mmu-mir-127	180.0	178.0	56.0	79.0	88.0	120.0	
mmu-miR-351-5p	28554.0	34359.0	25361.0	48515.0	59038.0	62099.0	
mmu-miR-338-3p	2633.0	2354.0	516.0	4453.0	5343.0	6177.0	
mmu-miR-466e-3p	9.0	9.0	1.0	18.0	28.0	21.0	
mmu-miR-128-3p	306.0	164.0	90.0	538.0	1187.0	583.0	
mmu-miR-363-3p	27.0	23.0	2.0	95.0	112.0	126.0	
mmu-miR-126a-5p	159008.0	95769.0	37584.0	33346.0	59594.0	38989.0	
mmu-mir-140	4714.0	11520.0	9506.0	8071.0	8372.0	11931.0	
mmu-let-7a-1	289.0	236.0	201.0	213.0	317.0	331.0	
mmu-let-7a-2	277.0	225.0	202.0	211.0	314.0	302.0	
mmu-miR-7041-3p	1.0	0.0	0.0	1.0	2.0	1.0	
mmu-mir-141	3954.0	3302.0	1109.0	4048.0	4103.0	5256.0	
mmu-mir-132	6.0	4.0	2.0	8.0	7.0	14.0	
mmu-miR-466p-3p	7.0	7.0	2.0	18.0	26.0	18.0	
mmu-mir-134	3.0	0.0	0.0	0.0	0.0	0.0	
mmu-mir-136	934.0	1066.0	310.0	278.0	284.0	427.0	
mmu-mir-137	0.0	2.0	0.0	0.0	0.0	0.0	
mmu-mir-139	1.0	5.0	0.0	5.0	1.0	5.0	
mmu-mir-486b	13.0	12.0	4.0	7.0	8.0	10.0	
mmu-mir-486a	353.0	234.0	159.0	343.0	358.0	410.0	
mmu-miR-6995-3p	0.0	0.0	0.0	2.0	0.0	3.0	
mmu-mir-135b	1.0	0.0	0.0	0.0	0.0	0.0	
mmu-miR-26a-5p	1009147.0	712890.0	299771.0	1892235.0	2197849.0	2423916.0	
mmu-miR-190b-3p	1.0	2.0	0.0	7.0	4.0	7.0	
mmu-miR-664-5p	81.0	49.0	36.0	56.0	79.0	79.0	
mmu-miR-190b-5p	30.0	35.0	18.0	23.0	23.0	45.0	
mmu-miR-582-3p	175.0	317.0	537.0	289.0	354.0	414.0	
mmu-miR-299a-5p	7.0	18.0	6.0	2.0	3.0	6.0	
mmu-miR-7065-5p	0.0	1.0	0.0	0.0	0.0	0.0	
mmu-mir-150	31.0	28.0	8.0	49.0	40.0	67.0	
mmu-mir-151	1972.0	1481.0	746.0	2506.0	3038.0	3245.0	
mmu-miR-450a-2-3p	4.0	0.0	1.0	3.0	3.0	7.0	
mmu-mir-152	7.0	15.0	4.0	10.0	10.0	12.0	
mmu-miR-7036a-3p	1.0	5.0	0.0	0.0	2.0	1.0	
mmu-mir-143	4624.0	11524.0	6559.0	16857.0	16066.0	24702.0	
mmu-miR-6975-3p	4.0	3.0	1.0	16.0	9.0	11.0	
mmu-mir-144	765.0	502.0	283.0	754.0	764.0	933.0	
mmu-miR-7077-3p	1.0	0.0	0.0	1.0	0.0	0.0	
mmu-mir-147	10.0	2.0	1.0	3.0	0.0	2.0	
mmu-miR-676-3p	503.0	621.0	554.0	1365.0	1699.0	1866.0	
mmu-miR-3103-5p	0.0	0.0	0.0	2.0	1.0	1.0	
mmu-mir-487b	0.0	1.0	0.0	0.0	0.0	0.0	
mmu-miR-466e-5p	0.0	0.0	0.0	1.0	0.0	1.0	
mmu-miR-297a-3p	0.0	0.0	0.0	1.0	1.0	2.0	
mmu-miR-7008-3p	33.0	37.0	3.0	38.0	18.0	33.0	
mmu-miR-7658-5p	0.0	0.0	0.0	0.0	0.0	1.0	
mmu-miR-652-5p	14.0	19.0	1.0	5.0	6.0	17.0	
mmu-mir-153	2.0	1.0	1.0	0.0	0.0	4.0	
mmu-mir-3569	0.0	0.0	0.0	0.0	2.0	2.0	
mmu-miR-466p-5p	0.0	0.0	0.0	0.0	0.0	1.0	
mmu-mir-155	3.0	9.0	1.0	6.0	3.0	3.0	
mmu-miR-222-5p	13.0	14.0	10.0	18.0	19.0	31.0	
mmu-miR-1943-3p	3.0	1.0	1.0	7.0	2.0	6.0	
mmu-miR-449a-5p	3447.0	2986.0	1156.0	3060.0	2402.0	4238.0	
mmu-miR-18a-5p	80.0	62.0	14.0	50.0	61.0	86.0	
mmu-miR-421-3p	1071.0	661.0	358.0	1532.0	1902.0	1699.0	
mmu-miR-6995-5p	0.0	0.0	0.0	0.0	0.0	1.0	
mmu-miR-1668	27.0	29.0	28.0	55.0	59.0	83.0	
mmu-miR-582-5p	226.0	246.0	51.0	126.0	119.0	132.0	
mmu-miR-664-3p	605.0	492.0	178.0	342.0	535.0	464.0	
mmu-miR-106b-3p	259.0	172.0	113.0	325.0	365.0	418.0	
mmu-mir-3572	6.0	0.0	0.0	3.0	7.0	3.0	
mmu-miR-383-5p	1.0	5.0	6.0	6.0	6.0	9.0	
mmu-miR-669h-5p	0.0	0.0	0.0	0.0	1.0	0.0	
mmu-miR-7065-3p	1.0	1.0	0.0	1.0	1.0	0.0	
mmu-miR-433-3p	3.0	10.0	3.0	10.0	9.0	24.0	
mmu-miR-489-3p	34.0	17.0	9.0	11.0	31.0	25.0	
mmu-miR-7671-3p	0.0	0.0	1.0	1.0	2.0	1.0	
mmu-miR-141-3p	98454.0	92500.0	30014.0	154743.0	142136.0	212108.0	
mmu-miR-7036a-5p	0.0	0.0	0.0	0.0	1.0	0.0	
mmu-miR-107-5p	2.0	3.0	0.0	1.0	1.0	1.0	
mmu-miR-1a-1-5p	0.0	0.0	0.0	1.0	0.0	1.0	
mmu-miR-6906-3p	2.0	1.0	0.0	6.0	4.0	10.0	
mmu-mir-15a	10.0	10.0	8.0	7.0	16.0	16.0	
mmu-miR-185-5p	276.0	222.0	105.0	587.0	799.0	837.0	
mmu-mir-15b	2.0	4.0	1.0	2.0	2.0	10.0	
mmu-miR-107-3p	2346.0	2434.0	1214.0	1665.0	1861.0	2447.0	
mmu-miR-6963-3p	0.0	2.0	0.0	3.0	2.0	4.0	
mmu-mir-669a-9	3.0	0.0	0.0	0.0	5.0	1.0	
mmu-mir-669a-8	3.0	0.0	0.0	0.0	5.0	1.0	
mmu-mir-3100	0.0	0.0	0.0	0.0	1.0	0.0	
mmu-mir-669a-7	3.0	0.0	0.0	0.0	5.0	1.0	
mmu-mir-3101	0.0	0.0	0.0	1.0	0.0	0.0	
mmu-mir-3102	32.0	21.0	7.0	36.0	34.0	37.0	
mmu-mir-669a-6	3.0	0.0	0.0	0.0	5.0	1.0	
mmu-mir-182	33.0	33.0	51.0	24.0	24.0	32.0	
mmu-miR-7008-5p	0.0	0.0	1.0	0.0	0.0	0.0	
mmu-mir-183	4214.0	3869.0	779.0	2913.0	3295.0	3527.0	
mmu-miR-129-2-3p	3.0	5.0	3.0	1.0	7.0	5.0	
mmu-mir-184	0.0	0.0	1.0	0.0	1.0	1.0	
mmu-mir-185	2.0	3.0	0.0	3.0	0.0	6.0	
mmu-miR-3089-3p	2.0	6.0	0.0	3.0	3.0	4.0	
mmu-mir-3108	0.0	0.0	0.0	0.0	0.0	1.0	
mmu-mir-3109	0.0	0.0	0.0	1.0	1.0	2.0	
mmu-mir-3103	4.0	1.0	1.0	1.0	4.0	8.0	
mmu-miR-449a-3p	5.0	2.0	0.0	5.0	1.0	5.0	
mmu-miR-18a-3p	109.0	67.0	36.0	392.0	276.0	405.0	
mmu-mir-3105	2.0	7.0	0.0	5.0	3.0	4.0	
mmu-miR-6951-5p	2.0	0.0	0.0	1.0	0.0	0.0	
mmu-mir-3106	0.0	0.0	1.0	0.0	0.0	0.0	
mmu-miR-421-5p	0.0	2.0	0.0	1.0	0.0	1.0	
mmu-miR-7053-5p	0.0	0.0	0.0	1.0	0.0	0.0	
mmu-miR-6991-3p	0.0	2.0	0.0	1.0	0.0	0.0	
mmu-miR-34c-3p	510.0	482.0	274.0	835.0	954.0	1468.0	
mmu-miR-7021-3p	0.0	1.0	1.0	2.0	1.0	1.0	
mmu-miR-7674-5p	0.0	1.0	0.0	0.0	1.0	0.0	
mmu-miR-1966-5p	0.0	0.0	0.0	4.0	4.0	5.0	
mmu-miR-485-5p	5.0	1.0	2.0	4.0	5.0	5.0	
mmu-miR-542-5p	46.0	58.0	10.0	107.0	144.0	134.0	
mmu-miR-7090-5p	0.0	1.0	0.0	0.0	0.0	0.0	
mmu-miR-486a-5p	666983.0	387325.0	289238.0	481512.0	508468.0	565922.0	
mmu-miR-1199-5p	8.0	11.0	17.0	25.0	44.0	49.0	
mmu-miR-873a-3p	0.0	2.0	0.0	2.0	0.0	0.0	
mmu-miR-546	0.0	0.0	0.0	1.0	1.0	0.0	
mmu-miR-6909-5p	0.0	0.0	0.0	1.0	0.0	0.0	
mmu-miR-210-3p	210.0	349.0	119.0	198.0	271.0	289.0	
mmu-miR-188-3p	12.0	15.0	2.0	22.0	33.0	32.0	
mmu-miR-335-5p	1988.0	1812.0	771.0	1813.0	1850.0	2522.0	
mmu-miR-874-5p	1.0	7.0	3.0	23.0	19.0	23.0	
mmu-miR-3094-3p	1.0	0.0	0.0	0.0	0.0	2.0	
mmu-miR-34c-5p	64795.0	55100.0	23046.0	55084.0	51552.0	83976.0	
mmu-miR-7021-5p	1.0	2.0	0.0	0.0	0.0	0.0	
mmu-miR-679-5p	0.0	3.0	0.0	1.0	1.0	2.0	
mmu-miR-1966-3p	8.0	3.0	3.0	25.0	23.0	11.0	
mmu-miR-299a-3p	6.0	15.0	6.0	4.0	4.0	10.0	
mmu-miR-542-3p	2262.0	2325.0	1478.0	1046.0	1239.0	1487.0	
mmu-miR-1199-3p	5.0	3.0	2.0	5.0	6.0	10.0	
mmu-miR-6715-5p	0.0	0.0	0.0	0.0	0.0	1.0	
mmu-miR-486a-3p	74.0	39.0	40.0	66.0	112.0	94.0	
mmu-miR-485-3p	4.0	0.0	1.0	1.0	2.0	0.0	
mmu-miR-210-5p	7.0	10.0	4.0	17.0	16.0	11.0	
mmu-miR-6418-3p	5.0	6.0	0.0	47.0	25.0	34.0	
mmu-miR-873a-5p	0.0	0.0	0.0	1.0	0.0	0.0	
mmu-miR-3082-3p	104.0	109.0	69.0	251.0	213.0	323.0	
mmu-miR-222-3p	4474.0	2943.0	2773.0	4143.0	5623.0	4819.0	
mmu-miR-6978-3p	5.0	6.0	0.0	3.0	2.0	2.0	
mmu-miR-6922-3p	1.0	2.0	0.0	1.0	0.0	1.0	
mmu-miR-335-3p	641.0	580.0	160.0	207.0	268.0	307.0	
mmu-miR-6966-3p	0.0	1.0	0.0	0.0	2.0	2.0	
mmu-miR-3069-5p	5.0	3.0	0.0	1.0	0.0	1.0	
mmu-miR-31-5p	860.0	681.0	451.0	1639.0	2036.0	2274.0	
mmu-miR-7033-5p	0.0	1.0	0.0	0.0	0.0	1.0	
mmu-miR-376c-5p	1.0	1.0	1.0	0.0	0.0	2.0	
mmu-mir-9-3	1.0	2.0	0.0	0.0	0.0	0.0	
mmu-miR-132-3p	115.0	164.0	88.0	105.0	178.0	142.0	
mmu-miR-125b-1-3p	372.0	214.0	103.0	673.0	859.0	1072.0	
mmu-miR-7089-3p	0.0	1.0	1.0	2.0	0.0	0.0	
mmu-miR-344c-3p	0.0	1.0	0.0	1.0	0.0	0.0	
mmu-miR-125b-5p	8821.0	7103.0	2953.0	26267.0	29868.0	34497.0	
mmu-miR-7057-3p	1.0	2.0	0.0	2.0	0.0	0.0	
mmu-mir-9-1	1.0	2.0	0.0	0.0	0.0	0.0	
mmu-mir-9-2	1.0	2.0	0.0	0.0	0.0	0.0	
mmu-miR-5617-5p	0.0	0.0	0.0	0.0	0.0	1.0	
mmu-miR-292b-5p	0.0	0.0	0.0	1.0	1.0	2.0	
mmu-miR-3069-3p	8.0	7.0	2.0	2.0	5.0	5.0	
mmu-miR-1224-3p	0.0	0.0	0.0	1.0	0.0	0.0	
mmu-miR-7674-3p	2.0	0.0	1.0	2.0	2.0	2.0	
mmu-mir-449a	17.0	15.0	1.0	5.0	6.0	7.0	
mmu-miR-31-3p	221.0	228.0	122.0	57.0	55.0	74.0	
mmu-miR-6954-3p	1.0	0.0	0.0	0.0	4.0	4.0	
mmu-miR-196b-5p	3.0	2.0	1.0	24.0	28.0	20.0	
mmu-miR-3057-5p	70.0	49.0	50.0	141.0	155.0	142.0	
mmu-miR-6942-5p	0.0	0.0	0.0	1.0	3.0	0.0	
mmu-miR-7089-5p	0.0	0.0	0.0	2.0	0.0	0.0	
mmu-miR-7090-3p	1.0	1.0	0.0	3.0	3.0	2.0	
mmu-miR-376c-3p	14.0	11.0	6.0	9.0	16.0	10.0	
mmu-mir-449c	25.0	108.0	34.0	53.0	47.0	93.0	
mmu-miR-7662-5p	2.0	0.0	0.0	0.0	0.0	0.0	
mmu-mir-449b	2.0	2.0	0.0	1.0	0.0	4.0	
mmu-miR-1934-3p	1.0	0.0	0.0	1.0	1.0	1.0	
mmu-miR-7662-3p	1.0	2.0	0.0	3.0	1.0	6.0	
mmu-mir-669m-2	10.0	5.0	4.0	17.0	20.0	21.0	
mmu-miR-6909-3p	2.0	0.0	0.0	2.0	0.0	1.0	
mmu-miR-667-3p	6.0	9.0	3.0	7.0	6.0	9.0	
mmu-miR-132-5p	6.0	5.0	1.0	4.0	6.0	6.0	
mmu-miR-7045-3p	1.0	0.0	0.0	0.0	0.0	0.0	
mmu-mir-669m-1	10.0	5.0	4.0	17.0	20.0	21.0	
mmu-miR-144-3p	1797.0	1379.0	403.0	3130.0	3128.0	3976.0	
mmu-miR-181b-5p	13482.0	12274.0	8233.0	20325.0	24168.0	25937.0	
mmu-miR-92a-1-5p	107.0	70.0	18.0	97.0	107.0	178.0	
mmu-miR-188-5p	27.0	34.0	11.0	19.0	15.0	16.0	
mmu-miR-216c-5p	0.0	0.0	0.0	1.0	0.0	0.0	
mmu-miR-200a-3p	10809.0	12030.0	6759.0	8110.0	9479.0	11816.0	
mmu-miR-1224-5p	0.0	0.0	0.0	0.0	0.0	1.0	
mmu-mir-5615-1	0.0	0.0	0.0	0.0	1.0	0.0	
mmu-miR-3062-5p	1.0	0.0	1.0	0.0	0.0	0.0	
mmu-miR-380-3p	2.0	6.0	0.0	0.0	4.0	4.0	
mmu-miR-26a-1-3p	11.0	9.0	3.0	1.0	8.0	5.0	
mmu-miR-7236-3p	2.0	9.0	1.0	8.0	11.0	11.0	
mmu-miR-6971-3p	24.0	13.0	13.0	43.0	31.0	39.0	
mmu-miR-672-3p	5.0	0.0	3.0	4.0	3.0	5.0	
mmu-mir-669h	0.0	0.0	0.0	0.0	1.0	0.0	
mmu-miR-7666-3p	3.0	1.0	2.0	5.0	5.0	4.0	
mmu-mir-669f	0.0	0.0	0.0	1.0	0.0	0.0	
mmu-mir-669e	1.0	0.0	0.0	0.0	2.0	1.0	
mmu-mir-669c	1.0	1.0	0.0	0.0	2.0	1.0	
mmu-miR-3074-5p	7.0	2.0	1.0	25.0	27.0	28.0	
mmu-miR-1934-5p	3.0	3.0	0.0	6.0	5.0	7.0	
mmu-mir-669o	2.0	0.0	0.0	2.0	8.0	5.0	
mmu-mir-669l	0.0	1.0	0.0	0.0	0.0	0.0	
mmu-miR-5622-3p	0.0	0.0	1.0	0.0	0.0	0.0	
mmu-mir-6236	4148.0	2574.0	3514.0	202.0	368.0	272.0	
mmu-miR-379-3p	11.0	14.0	7.0	11.0	8.0	10.0	
mmu-miR-7001-3p	0.0	0.0	0.0	0.0	0.0	1.0	
mmu-miR-7069-5p	1.0	0.0	0.0	1.0	0.0	2.0	
mmu-miR-144-5p	2240.0	1314.0	1300.0	1158.0	1295.0	1384.0	
mmu-miR-574-5p	3.0	0.0	0.0	0.0	0.0	0.0	
mmu-miR-7070-3p	2.0	1.0	1.0	1.0	2.0	6.0	
mmu-miR-15b-3p	156.0	144.0	51.0	67.0	66.0	98.0	
mmu-miR-448-5p	4.0	0.0	1.0	3.0	0.0	3.0	
mmu-miR-1291	14.0	29.0	9.0	10.0	12.0	16.0	
mmu-mir-6240	324.0	175.0	233.0	8.0	37.0	15.0	
mmu-miR-200a-5p	181.0	160.0	108.0	115.0	139.0	182.0	
mmu-miR-3474	0.0	1.0	0.0	2.0	4.0	1.0	
mmu-miR-7082-5p	0.0	0.0	0.0	0.0	0.0	1.0	
mmu-miR-7057-5p	0.0	0.0	0.0	0.0	0.0	1.0	
mmu-miR-6958-3p	2.0	2.0	0.0	2.0	2.0	1.0	
mmu-mir-19b-2	1.0	9.0	1.0	0.0	2.0	4.0	
mmu-mir-7578	1.0	1.0	0.0	0.0	0.0	0.0	
mmu-mir-6244	0.0	0.0	0.0	1.0	0.0	0.0	
mmu-miR-7001-5p	0.0	0.0	0.0	0.0	1.0	0.0	
mmu-miR-7678-3p	1.0	0.0	0.0	0.0	0.0	0.0	
mmu-miR-6516-5p	20.0	29.0	7.0	47.0	68.0	52.0	
mmu-miR-6902-3p	1.0	0.0	0.0	0.0	0.0	0.0	
mmu-miR-7094-3p	0.0	0.0	0.0	0.0	0.0	3.0	
mmu-mir-19b-1	1.0	8.0	0.0	1.0	2.0	4.0	
mmu-miR-551b-5p	0.0	0.0	0.0	1.0	0.0	0.0	
mmu-miR-598-3p	99.0	39.0	28.0	29.0	50.0	51.0	
mmu-miR-5622-5p	2.0	0.0	0.0	0.0	0.0	0.0	
mmu-mir-92b	71.0	63.0	31.0	63.0	48.0	60.0	
mmu-miR-802-5p	0.0	2.0	1.0	3.0	4.0	1.0	
mmu-miR-344i	0.0	0.0	0.0	1.0	0.0	1.0	
mmu-miR-9-5p	30.0	46.0	17.0	27.0	22.0	31.0	
mmu-miR-135a-2-3p	0.0	0.0	0.0	1.0	0.0	0.0	
mmu-miR-7069-3p	1.0	0.0	0.0	1.0	2.0	3.0	
mmu-miR-379-5p	44.0	93.0	57.0	132.0	130.0	171.0	
mmu-mir-1843b	780.0	555.0	447.0	913.0	1037.0	1231.0	
mmu-mir-1843a	285.0	282.0	134.0	310.0	358.0	424.0	
mmu-miR-2137	0.0	1.0	0.0	0.0	2.0	1.0	
mmu-miR-448-3p	170.0	79.0	44.0	42.0	51.0	60.0	
mmu-mir-7116	0.0	3.0	0.0	0.0	2.0	0.0	
mmu-mir-7117	0.0	2.0	0.0	0.0	1.0	0.0	
mmu-miR-6897-5p	0.0	0.0	0.0	1.0	0.0	3.0	
mmu-miR-217-3p	0.0	0.0	1.0	0.0	0.0	0.0	
mmu-miR-6516-3p	5.0	9.0	3.0	7.0	3.0	11.0	
mmu-miR-6946-3p	18.0	12.0	4.0	30.0	25.0	36.0	
mmu-miR-20a-3p	48.0	50.0	12.0	78.0	61.0	85.0	
mmu-miR-551b-3p	1.0	4.0	1.0	4.0	3.0	2.0	
mmu-miR-615-3p	2.0	7.0	1.0	2.0	2.0	4.0	
mmu-miR-6934-3p	0.0	0.0	0.0	1.0	0.0	1.0	
mmu-miR-802-3p	0.0	0.0	0.0	0.0	0.0	1.0	
mmu-miR-493-5p	1.0	0.0	0.0	3.0	0.0	0.0	
mmu-miR-323-3p	1.0	0.0	0.0	0.0	1.0	0.0	
mmu-miR-7025-3p	4.0	8.0	3.0	5.0	9.0	5.0	
mmu-miR-669d-5p	12.0	9.0	6.0	3.0	11.0	9.0	
mmu-miR-374c-3p	0.0	0.0	0.0	0.0	1.0	0.0	
mmu-miR-6922-5p	0.0	1.0	0.0	0.0	0.0	1.0	
mmu-let-7a-5p	55497.0	42329.0	37752.0	78663.0	131104.0	110952.0	
mmu-miR-205-5p	100.0	205.0	60.0	126.0	115.0	514.0	
mmu-miR-7013-5p	0.0	0.0	0.0	1.0	0.0	2.0	
mmu-miR-6541	0.0	0.0	1.0	1.0	1.0	0.0	
mmu-miR-6897-3p	0.0	0.0	0.0	1.0	0.0	1.0	
mmu-mir-181d	29.0	28.0	18.0	18.0	22.0	19.0	
mmu-mir-181c	499.0	466.0	237.0	312.0	351.0	381.0	
mmu-miR-20a-5p	845.0	892.0	389.0	606.0	697.0	759.0	
mmu-mir-1839	406.0	241.0	222.0	682.0	779.0	927.0	
mmu-miR-741-3p	0.0	1.0	0.0	1.0	0.0	0.0	
mmu-miR-124-3p	0.0	1.0	0.0	1.0	0.0	0.0	
mmu-miR-7224-3p	67.0	31.0	21.0	34.0	44.0	55.0	
mmu-miR-6934-5p	0.0	0.0	0.0	0.0	2.0	1.0	
mmu-miR-15b-5p	1803.0	1537.0	594.0	3990.0	4791.0	5175.0	
mmu-miR-6538	6.0	3.0	7.0	1.0	5.0	5.0	
mmu-miR-374c-5p	3.0	3.0	1.0	2.0	2.0	1.0	
mmu-miR-6539	4.0	3.0	3.0	4.0	3.0	3.0	
