miRNA	Lung_F1	Lung_F2	Lung_F3	Lung_M1	Lung_M2	Lung_M3
mmu-miR-30a-5p	2042665	1894711	839369	1839349	1924951	2537514
mmu-miR-30a-3p	6038	11782	5962	7340	12481	9369
mmu-miR-10a-5p	2029555	1919218	994813	3269918	3431423	4531068
mmu-miR-10a-3p	493	429	137	412	477	625
mmu-miR-27a-5p	48	55	44	82	110	110
mmu-miR-27a-3p	67176	59915	24888	85465	103189	110871
mmu-miR-27b-3p	168768	168040	73156	262729	292861	337098
mmu-miR-27b-5p	175	116	74	164	270	213
mmu-miR-143-5p	223	282	212	393	436	607
mmu-miR-143-3p	405223	1112088	708232	1454221	1426328	2193222
mmu-miR-26a-5p	968670	639714	283695	1856503	123875	2389792
mmu-miR-26a-1-3p	11	9	3	1	6	5
mmu-miR-26b-5p	106333	89994	48271	91712	90502	138314
mmu-miR-26b-3p	60	41	19	189	259	245
mmu-let-7f-5p	150921	38354	69317	64872	221800	165700
mmu-let-7f-2-3p	390	293	105	100	125	161
mmu-miR-451a	42064	35836	11812	25856	25222	33648
mmu-miR-16-5p	71975	71844	753	131551	2864	136532
mmu-miR-16-1-3p	76	81	53	75	74	101
mmu-miR-125a-5p	86841	62399	29351	232230	261231	278110
mmu-miR-125a-3p	44	51	29	137	197	196
mmu-miR-34c-5p	65487	55708	23391	55614	51978	84794
mmu-miR-34c-3p	540	496	286	859	992	1499
mmu-miR-30d-5p	432583	356940	178952	491518	524254	648179
mmu-miR-30d-3p	1541	1199	517	1155	1274	1526
mmu-miR-486a-5p	671592	389173	291381	484532	511798	568724
mmu-miR-486a-3p	78	39	41	69	112	95
mmu-miR-486b-5p	949	557	417	520	583	699
mmu-miR-151-5p	15349	11642	3756	42444	52046	55985
mmu-miR-151-3p	77476	56076	24002	96861	113621	121527
mmu-miR-126a-5p	159836	96034	37537	33244	59367	38829
mmu-miR-126a-3p	74764	53666	21134	53850	70404	76337
mmu-miR-153-5p	24	10	5	6	11	18
mmu-miR-153-3p	362	386	100	353	450	515
mmu-let-7c-5p	5048	59053	11891	133169	173317	218939
mmu-let-7c-2-3p	962	899	345	200	385	293
mmu-miR-181a-5p	430098	20290	218958	44075	638610	660807
mmu-miR-181a-1-3p	1524	1329	678	722	850	984
mmu-miR-330-5p	282	313	115	656	883	780
mmu-miR-330-3p	93	85	27	121	195	188
mmu-miR-146b-5p	439287	265747	196896	325462	314979	384066
mmu-miR-146b-3p	9	10	6	20	22	17
mmu-miR-141-5p	152	186	108	199	217	272
mmu-miR-141-3p	103886	97132	31636	160514	147787	219703
mmu-miR-146a-5p	229985	138464	63384	352655	436820	459275
mmu-miR-146a-3p	6	9	2	3	6	4
mmu-let-7i-5p	63350	50534	40033	75574	115242	99635
mmu-let-7i-3p	47	164	65	38	71	87
mmu-let-7b-5p	22998	19161	13645	39629	53961	57200
mmu-let-7b-3p	967	796	360	774	836	770
mmu-miR-99b-5p	90971	85865	23085	153022	154431	188883
mmu-miR-99b-3p	247	201	141	183	251	243
mmu-miR-181b-5p	5285	2622	4788	13309	19224	15807
mmu-miR-181b-1-3p	154	102	45	67	98	124
mmu-miR-191-5p	147140	100422	34401	185213	231383	218890
mmu-miR-191-3p	19	12	6	25	38	42
mmu-miR-181c-5p	56704	57749	28880	46675	54720	61841
mmu-miR-181c-3p	465	742	415	523	568	725
mmu-miR-21a-5p	130833	97813	55640	62207	74262	88072
mmu-miR-21a-3p	115	645	430	1113	1330	1686
mmu-miR-351-5p	26270	32120	24362	46787	57137	60027
mmu-miR-351-3p	11	17	10	44	64	64
mmu-miR-24-2-5p	4916	4156	1985	11357	13192	14767
mmu-miR-24-3p	3642	58336	28433	17623	68107	87218
mmu-miR-145a-5p	11974	16348	4687	13508	12698	24801
mmu-miR-145a-3p	3173	3308	1239	5268	6273	8113
mmu-miR-29a-5p	140	132	40	62	71	82
mmu-miR-29a-3p	25181	20652	5415	30309	33704	43095
mmu-miR-142a-5p	33714	23758	5512	49829	58522	72418
mmu-miR-142a-3p	2062	2334	657	3437	3516	5343
mmu-miR-10b-5p	83648	171222	59713	74732	67034	110935
mmu-miR-10b-3p	6	18	4	15	13	17
mmu-miR-125b-5p	5547	1508	2420	2781	15799	16978
mmu-miR-125b-2-3p	1480	3182	1528	4322	4577	5598
mmu-miR-22-5p	120	120	42	84	135	121
mmu-miR-22-3p	92857	93864	36996	177422	221564	236860
mmu-miR-199a-5p	1843	1300	1140	2062	440	4169
mmu-miR-199a-3p	41282	22171	8836	32120	18584	48723
mmu-miR-199b-5p	707	871	227	492	558	766
mmu-miR-199b-3p	43	52	16	34	50	40
mmu-miR-101a-5p	82	92	19	92	92	179
mmu-miR-101a-3p	41712	71619	37562	33061	33672	46905
mmu-let-7f-1-3p	241	217	71	72	89	106
mmu-miR-1a-3p	743	3379	567	3527	1086	17105
mmu-miR-1a-2-5p	0	1	0	0	0	0
mmu-let-7a-5p	44016	12499	2301	16164	30158	84601
mmu-let-7a-2-3p	0	2	3	7	4	3
mmu-miR-186-5p	43912	31940	10346	34404	40037	44365
mmu-miR-186-3p	6	15	1	2	8	9
mmu-miR-322-5p	12195	14865	4956	25088	25628	34295
mmu-miR-322-3p	1564	1598	667	2202	2528	3148
mmu-miR-26a-2-3p	53	53	20	26	29	59
mmu-miR-30c-5p	85922	69727	2846	53870	3925	70297
mmu-miR-30c-1-3p	34	19	6	103	104	134
mmu-miR-181b-2-3p	3	0	2	1	2	5
mmu-miR-92a-1-5p	100	66	17	92	106	176
mmu-miR-92a-3p	75550	102044	46442	113552	133767	165956
mmu-miR-320-3p	2240	1673	1193	2112	2703	3054
mmu-let-7a-1-3p	0	1	1	0	0	2
mmu-miR-1a-1-5p	0	0	0	1	0	1
mmu-miR-23a-3p	19384	16106	6180	33216	35937	43723
mmu-miR-23a-5p	1	1	0	3	1	1
mmu-miR-30e-5p	133234	121557	45720	81356	89441	112566
mmu-miR-30e-3p	2127	2543	1413	1587	2797	2008
mmu-let-7g-5p	28149	20764	17060	28460	38598	39404
mmu-let-7g-3p	76	89	25	27	29	40
mmu-miR-24-1-5p	186	183	84	266	244	348
mmu-miR-181a-2-3p	335	306	260	510	499	698
mmu-miR-92b-5p	22	25	8	21	42	49
mmu-miR-92b-3p	36702	24818	12408	35975	33448	45826
mmu-miR-30b-5p	32063	31130	10488	20396	27234	27283
mmu-miR-30b-3p	585	550	271	517	701	768
mmu-miR-335-5p	2033	1848	786	1854	1901	2578
mmu-miR-335-3p	690	613	172	222	297	326
mmu-miR-23b-3p	21677	17490	9548	24343	40804	30340
mmu-miR-23b-5p	7	2	3	5	8	11
mmu-miR-15a-5p	1606	1729	511	2248	2460	3201
mmu-miR-15a-3p	78	73	25	164	180	238
mmu-miR-149-5p	55	103	27	171	123	301
mmu-miR-149-3p	1	0	0	1	1	3
mmu-miR-29c-5p	173	182	73	120	114	136
mmu-miR-29c-3p	3815	3479	877	3807	4117	5379
mmu-miR-423-5p	2464	1403	1232	10364	13771	13541
mmu-miR-423-3p	775	1127	1080	4936	6079	6426
mmu-miR-375-3p	6469	6078	2542	6578	5515	9406
mmu-miR-3535	7148	6059	2825	4479	4473	5758
mmu-miR-130a-5p	4	1	0	3	3	10
mmu-miR-130a-3p	10079	10502	2781	15546	18035	19653
mmu-miR-378a-5p	68	131	44	97	153	211
mmu-miR-378a-3p	10977	11241	6603	9453	8925	14546
mmu-miR-182-5p	42909	37134	27562	32803	40313	42804
mmu-miR-182-3p	0	0	0	0	2	4
mmu-miR-195a-5p	14529	13163	4468	20642	22654	27167
mmu-miR-195a-3p	363	251	191	275	403	377
mmu-miR-342-5p	18	17	19	65	99	95
mmu-miR-342-3p	3024	2649	930	4699	4463	6445
mmu-miR-133a-3p	872	7116	1271	4804	1056	27134
mmu-miR-133a-5p	16	3	7	14	1	27
mmu-miR-144-5p	2777	1665	1546	1469	1589	1742
mmu-miR-144-3p	2025	1509	430	3599	3583	4563
mmu-miR-221-5p	632	1214	744	2311	2619	2764
mmu-miR-221-3p	7636	6141	3381	5171	6973	7036
mmu-miR-671-5p	109	90	61	100	127	131
mmu-miR-671-3p	357	199	140	654	770	836
mmu-miR-200c-5p	3	4	2	0	2	4
mmu-miR-200c-3p	3223	3268	1980	2241	2905	2736
mmu-miR-541-5p	1911	2271	1226	1578	1781	2296
mmu-miR-541-3p	1	0	0	1	0	2
mmu-miR-30c-2-3p	366	579	394	620	1010	820
mmu-miR-429-3p	7361	5027	2154	4317	4461	6112
mmu-miR-152-5p	1406	1588	1029	626	710	733
mmu-miR-152-3p	3221	2700	1453	3799	4387	5461
mmu-miR-16-2-3p	113	76	36	79	139	148
mmu-miR-148a-5p	932	1212	828	924	948	1233
mmu-miR-148a-3p	51182	91729	48465	50942	56258	69451
mmu-miR-200b-3p	14665	12827	5499	8417	9925	11449
mmu-miR-200b-5p	64	67	25	94	150	135
mmu-miR-125b-1-3p	391	233	118	709	903	1126
mmu-miR-328-5p	0	0	0	0	0	1
mmu-miR-328-3p	2560	2101	994	7442	9844	10066
mmu-miR-192-5p	26330	22982	12985	17429	17902	23147
mmu-miR-192-3p	6	9	2	6	2	10
mmu-miR-148b-5p	309	251	158	378	446	492
mmu-miR-148b-3p	9058	10662	4238	9501	10833	13028
mmu-miR-200a-5p	176	160	108	116	140	180
mmu-miR-200a-3p	10909	12156	6857	8110	9509	11812
mmu-miR-20a-5p	858	901	388	609	699	758
mmu-miR-20a-3p	49	45	10	78	64	87
mmu-miR-99a-5p	9645	8852	2950	12900	12951	17521
mmu-miR-99a-3p	321	537	215	242	235	319
mmu-let-7c-1-3p	10	5	0	3	13	8
mmu-miR-7a-5p	131	929	53	990	49	1454
mmu-miR-7a-2-3p	0	0	0	0	0	1
mmu-miR-29b-2-5p	42	35	12	20	28	28
mmu-miR-29b-3p	160	2747	433	150	2524	3140
mmu-miR-338-5p	83	74	26	108	159	163
mmu-miR-338-3p	2668	2391	522	4503	5398	6231
mmu-miR-324-5p	399	367	201	302	399	452
mmu-miR-324-3p	56	86	39	78	100	82
mmu-miR-34b-5p	2301	3085	693	1339	1154	2234
mmu-miR-34b-3p	1435	1318	664	3500	4327	4703
mmu-miR-100-5p	6991	7358	2439	12756	12894	16831
mmu-miR-100-3p	13	6	3	5	9	4
mmu-miR-652-5p	14	19	1	5	6	17
mmu-miR-652-3p	2487	1880	1022	3325	3606	4382
mmu-miR-103-2-5p	8	4	3	2	8	7
mmu-miR-103-3p	14460	11376	3499	10340	2535	14347
mmu-miR-34a-5p	1533	1431	619	785	956	1148
mmu-miR-34a-3p	9	14	1	2	5	6
mmu-miR-25-5p	14	7	6	28	37	28
mmu-miR-25-3p	9610	8723	5087	8497	9745	11257
mmu-miR-98-5p	4170	2961	2418	3784	7000	5391
mmu-miR-98-3p	98	62	43	13	16	12
mmu-let-7e-5p	4785	3355	2671	5867	10099	8543
mmu-let-7e-3p	133	104	32	45	100	79
mmu-miR-101b-3p	3193	4744	2547	2055	2302	2888
mmu-miR-1839-5p	1637	1139	1074	2489	3085	3342
mmu-miR-1839-3p	210	163	85	126	141	208
mmu-miR-140-3p	6533	15193	12890	10953	11383	16257
mmu-miR-140-5p	712	824	215	586	539	854
mmu-miR-150-5p	4462	3842	1058	12655	10986	18146
mmu-miR-150-3p	22	24	5	78	55	127
mmu-let-7d-5p	6976	5340	4219	19554	26635	27653
mmu-let-7d-3p	2567	2254	1141	1776	2830	2174
mmu-miR-378c	35	25	20	7	17	14
mmu-miR-542-5p	44	61	11	109	142	133
mmu-miR-542-3p	2396	2458	1582	1123	1316	1581
mmu-miR-1843b-5p	1506	1177	826	1647	1889	2153
mmu-miR-1843b-3p	189	92	65	162	172	216
mmu-miR-1843a-5p	811	667	466	763	886	1001
mmu-miR-1843a-3p	16	25	13	87	82	82
mmu-miR-5099	2148	2251	1113	3243	4130	5957
mmu-miR-214-5p	101	109	30	81	73	105
mmu-miR-214-3p	894	763	324	1440	1459	1791
mmu-miR-155-5p	637	665	293	745	623	832
mmu-miR-155-3p	0	0	0	0	1	1
mmu-miR-223-5p	150	268	123	157	262	353
mmu-miR-223-3p	802	790	292	1182	1429	2304
mmu-miR-183-5p	18005	17273	3575	11878	12792	14537
mmu-miR-183-3p	14	6	2	24	17	33
mmu-miR-365-2-5p	11	6	5	53	92	93
mmu-miR-365-3p	1684	1069	461	463	483	1541
mmu-miR-1298-5p	1445	1001	561	714	658	913
mmu-miR-1298-3p	47	44	30	32	25	34
mmu-miR-301a-5p	4	6	2	8	7	11
mmu-miR-301a-3p	5432	4878	1278	2152	2419	2946
mmu-miR-532-5p	1440	1953	1039	1012	1099	1529
mmu-miR-532-3p	53	48	10	76	62	93
mmu-miR-574-5p	148	142	87	213	267	316
mmu-miR-574-3p	518	451	119	477	792	939
mmu-miR-222-5p	17	17	10	26	24	36
mmu-miR-222-3p	4422	2956	2764	4194	5699	4860
mmu-miR-93-5p	9232	7125	2988	8433	9041	11923
mmu-miR-93-3p	28	18	8	25	39	39
mmu-miR-511-5p	9	5	2	7	17	14
mmu-miR-511-3p	44	46	11	16	36	26
mmu-miR-203-5p	2	4	3	12	6	14
mmu-miR-203-3p	5550	3904	2005	3229	3484	4701
mmu-miR-425-5p	4498	3272	1084	6087	6702	8222
mmu-miR-425-3p	354	326	196	373	462	529
mmu-miR-6412	38	25	11	69	76	98
mmu-miR-450b-5p	1173	1285	397	862	983	1268
mmu-miR-450b-3p	16	19	14	7	11	11
mmu-miR-107-5p	3	5	1	2	1	2
mmu-miR-107-3p	2411	2414	1303	1593	1789	2236
mmu-miR-501-5p	9	4	3	7	7	12
mmu-miR-501-3p	317	320	98	519	590	709
mmu-miR-764-5p	12	5	5	17	15	21
mmu-miR-764-3p	19	11	3	21	9	25
mmu-miR-1191b-5p	11	22	16	33	22	35
mmu-miR-1191b-3p	4	3	0	2	0	5
mmu-miR-340-5p	3284	3717	1856	2166	2318	3280
mmu-miR-340-3p	121	92	50	305	338	410
mmu-miR-3068-5p	214	243	78	27	52	68
mmu-miR-3068-3p	248	165	81	189	233	316
mmu-miR-449c-5p	1148	4716	1532	3660	2669	6091
mmu-miR-449c-3p	1	3	0	0	2	0
mmu-miR-194-5p	510	158	27	158	781	684
mmu-miR-194-1-3p	0	1	0	0	0	0
mmu-miR-326-5p	0	1	0	0	1	0
mmu-miR-326-3p	299	376	119	1234	1297	1582
mmu-miR-1964-5p	0	0	0	0	1	3
mmu-miR-1964-3p	66	57	26	100	122	113
mmu-miR-450a-2-3p	4	0	1	3	3	7
mmu-miR-450a-5p	55	594	177	96	570	862
mmu-miR-193b-5p	0	0	0	2	2	5
mmu-miR-193b-3p	316	610	135	209	245	306
mmu-miR-3470a	212	394	107	177	446	523
mmu-miR-181d-5p	3913	3863	2447	4196	4951	5443
mmu-miR-181d-3p	1	3	0	6	4	2
mmu-miR-15b-5p	1815	1544	601	4026	4808	5201
mmu-miR-15b-3p	153	144	53	64	66	97
mmu-miR-28a-5p	822	693	270	1049	1280	1561
mmu-miR-28a-3p	285	540	335	450	555	596
mmu-miR-1981-5p	53	41	44	78	111	88
mmu-miR-1981-3p	85	62	24	84	92	102
mmu-miR-19b-1-5p	2	2	0	1	0	2
mmu-miR-19b-3p	2133	994	396	1252	1291	2015
mmu-miR-3470b	1288	2301	544	484	1085	1437
mmu-miR-484	4720	3398	1164	5328	6084	7090
mmu-miR-872-5p	888	754	265	1360	1501	1971
mmu-miR-872-3p	732	714	269	1016	791	1136
mmu-miR-497a-5p	2275	2018	537	2811	3272	4049
mmu-miR-497a-3p	39	49	21	34	34	58
mmu-miR-543-3p	3	1	3	2	2	5
mmu-miR-449a-5p	3478	3015	1166	3086	2420	4274
mmu-miR-449a-3p	4	2	0	5	1	5
mmu-let-7j	2506	1469	1183	2122	2557	2813
mmu-miR-5709-5p	11	10	7	14	19	15
mmu-miR-5709-3p	0	1	1	1	1	0
mmu-miR-224-5p	286	197	75	442	531	546
mmu-miR-224-3p	0	3	0	4	5	1
mmu-miR-339-5p	425	436	159	734	782	1010
mmu-miR-339-3p	145	192	86	272	265	371
mmu-miR-744-5p	899	928	500	1414	1756	1859
mmu-miR-744-3p	52	45	28	50	66	59
mmu-miR-1264-5p	3	6	4	6	5	8
mmu-miR-1264-3p	157	87	39	112	117	177
mmu-miR-3084-3p	15	52	4	73	98	118
mmu-miR-3084-5p	1	3	1	2	2	5
mmu-miR-103-1-5p	1	0	0	0	0	0
mmu-miR-421-5p	0	3	0	1	1	2
mmu-miR-421-3p	1105	696	377	1580	1978	1748
mmu-miR-361-5p	1424	1274	436	1861	2316	2439
mmu-miR-361-3p	1197	835	370	921	1080	1197
mmu-miR-219a-5p	39	61	18	36	17	42
mmu-miR-219a-1-3p	41	27	8	42	49	39
mmu-miR-8114	81	58	30	126	119	133
mmu-miR-185-3p	9	8	8	14	19	18
mmu-miR-185-5p	252	203	100	573	755	811
mmu-miR-676-5p	41	48	44	44	45	55
mmu-miR-676-3p	487	616	559	1357	1698	1866
mmu-miR-664-5p	69	34	31	48	71	82
mmu-miR-664-3p	622	510	187	356	549	470
mmu-miR-127-5p	12	29	11	20	4	23
mmu-miR-127-3p	4342	4327	1230	3464	3037	4952
mmu-miR-1306-3p	3	5	1	7	18	15
mmu-miR-1306-5p	7	0	2	3	16	14
mmu-miR-374b-5p	1304	1186	297	981	1304	1311
mmu-miR-374b-3p	1	0	1	0	0	2
mmu-miR-7052-3p	11	11	7	32	24	41
mmu-miR-8112	114	75	40	454	370	457
mmu-miR-133b-3p	3	2	1	0	0	3
mmu-miR-218-5p	582	911	174	338	337	406
mmu-miR-218-1-3p	30	24	10	52	56	46
mmu-miR-106b-5p	697	743	297	479	568	733
mmu-miR-106b-3p	368	233	158	389	430	498
mmu-miR-674-5p	102	79	48	222	289	274
mmu-miR-674-3p	113	96	27	153	187	205
mmu-miR-7049-5p	1	0	1	4	5	5
mmu-miR-7049-3p	0	0	0	0	0	2
mmu-miR-218-2-3p	1	2	0	0	0	0
mmu-miR-31-5p	824	629	416	1640	2031	2273
mmu-miR-31-3p	39	48	15	20	21	31
mmu-miR-17-5p	739	739	277	541	726	748
mmu-miR-17-3p	54	69	30	199	204	226
mmu-miR-193a-3p	74	295	39	95	104	154
mmu-miR-193a-5p	6	13	5	30	30	27
mmu-miR-448-5p	0	0	1	3	0	5
mmu-miR-448-3p	129	53	39	30	41	44
mmu-miR-3102-5p.2-5p	2	1	4	6	9	14
mmu-miR-3102-3p.2-3p	86	52	21	88	66	94
mmu-miR-3102-3p	218	165	83	234	318	288
mmu-miR-19a-5p	11	5	0	0	10	9
mmu-miR-19a-3p	573	586	142	207	227	326
mmu-miR-362-5p	96	71	28	100	121	156
mmu-miR-362-3p	98	132	34	66	66	110
mmu-miR-7235-3p	3	5	2	8	13	12
mmu-miR-879-5p	587	726	238	601	720	862
mmu-miR-879-3p	30	19	4	39	27	32
mmu-miR-134-3p	1	0	0	1	0	0
mmu-miR-134-5p	51	31	24	24	21	37
mmu-miR-431-5p	13	13	3	10	14	17
mmu-miR-431-3p	0	7	5	2	3	1
mmu-miR-7043-3p	33	11	9	38	28	54
mmu-miR-7043-5p	1	0	0	1	0	0
mmu-miR-215-5p	119	74	57	112	96	187
mmu-miR-215-3p	3	0	2	1	1	2
mmu-miR-350-5p	39	60	28	75	99	110
mmu-miR-350-3p	119	93	41	113	218	200
mmu-miR-136-5p	128	170	48	162	151	229
mmu-miR-136-3p	965	1134	337	299	297	452
mmu-miR-455-5p	184	165	38	55	67	94
mmu-miR-455-3p	173	104	78	661	589	965
mmu-miR-504-5p	0	1	1	1	1	2
mmu-miR-1912-5p	51	33	14	14	13	14
mmu-miR-1912-3p	51	40	13	54	33	55
mmu-miR-490-5p	12	10	5	21	34	45
mmu-miR-490-3p	876	1402	230	942	678	1778
mmu-miR-28c	8	5	0	9	25	18
mmu-miR-128-3p	146	115	59	335	469	549
mmu-miR-3968	153	77	62	564	888	904
mmu-miR-130b-5p	10	16	4	67	79	69
mmu-miR-130b-3p	309	242	41	683	987	859
mmu-miR-7008-3p	30	31	2	31	19	26
mmu-miR-7008-5p	0	0	1	0	0	0
mmu-miR-503-3p	163	145	69	238	273	347
mmu-miR-503-5p	26	22	12	23	22	25
mmu-miR-96-5p	560	693	214	1161	1241	1536
mmu-miR-96-3p	3	2	1	0	2	2
mmu-miR-9769-5p	0	0	0	0	1	0
mmu-miR-9769-3p	2	5	5	3	5	3
mmu-miR-208b-5p	1	0	0	0	0	0
mmu-miR-208b-3p	910	473	156	421	404	460
mmu-miR-101c	38	57	34	13	14	23
mmu-miR-3079-5p	7	2	1	7	2	5
mmu-miR-3079-3p	2	0	0	1	3	0
mmu-miR-363-3p	30	26	2	101	123	137
mmu-miR-363-5p	3	0	0	3	1	3
mmu-miR-1247-5p	108	46	30	204	298	211
mmu-miR-1247-3p	3	1	0	4	6	8
mmu-miR-3083-5p	2	2	1	4	4	7
mmu-miR-3083-3p	0	1	0	3	1	3
mmu-miR-208a-5p	0	5	0	12	1	21
mmu-miR-208a-3p	8	142	31	213	21	502
mmu-miR-3963	402	151	61	563	686	1171
mmu-miR-32-5p	314	317	104	191	239	304
mmu-miR-32-3p	16	14	5	27	33	35
mmu-miR-18a-5p	81	65	14	50	62	85
mmu-miR-18a-3p	109	72	37	399	287	416
mmu-miR-3105-5p	0	2	0	0	2	4
mmu-miR-3105-3p	17	20	5	26	20	29
mmu-miR-8111	25	14	3	36	43	39
mmu-miR-6238	7	0	5	2	5	2
mmu-miR-582-5p	430	426	87	224	205	275
mmu-miR-582-3p	193	378	695	388	467	565
mmu-miR-7073-5p	0	1	0	0	2	1
mmu-miR-376b-5p	39	45	17	77	81	76
mmu-miR-376b-3p	9	6	2	9	3	7
mmu-miR-3471	190	166	17	100	114	258
mmu-miR-6911-5p	0	0	0	0	1	2
mmu-miR-6911-3p	6	4	2	11	15	5
mmu-miR-210-5p	7	10	3	16	16	11
mmu-miR-210-3p	193	333	127	204	276	309
mmu-miR-204-3p	0	0	0	0	0	1
mmu-miR-204-5p	181	175	44	97	198	218
mmu-miR-1927	0	1	1	11	16	11
mmu-miR-7668-5p	2	3	3	4	9	4
mmu-miR-7668-3p	0	0	0	1	5	5
mmu-miR-205-3p	1	2	0	2	0	11
mmu-miR-205-5p	102	209	62	130	114	518
mmu-miR-6390	5	5	6	4	3	5
mmu-miR-3473d	21	34	6	23	45	30
mmu-miR-194-2-3p	2	1	1	0	3	4
mmu-miR-877-5p	36	18	9	103	85	148
mmu-miR-877-3p	63	59	21	77	65	92
mmu-miR-7a-1-3p	89	107	30	86	132	131
mmu-miR-6988-3p	25	24	9	80	60	88
mmu-miR-6988-5p	0	0	0	0	0	1
mmu-miR-300-3p	140	171	60	131	122	195
mmu-miR-300-5p	2	0	0	0	0	0
mmu-miR-7072-3p	0	0	0	1	0	1
mmu-miR-7072-5p	0	0	1	0	0	0
mmu-miR-466h-5p	2	3	2	5	8	11
mmu-miR-466h-3p	3	0	1	3	5	12
mmu-miR-1249-5p	0	0	0	0	0	1
mmu-miR-1249-3p	411	360	156	691	644	820
mmu-miR-29b-1-5p	9	8	3	18	20	17
mmu-miR-669a-5p	5	0	0	0	37	29
mmu-miR-669a-3p	0	32	1	9	0	18
mmu-miR-669o-5p	6	3	2	10	17	18
mmu-miR-669o-3p	3	6	0	1	5	2
mmu-miR-1943-3p	3	1	1	7	2	6
mmu-miR-1943-5p	153	130	110	493	560	658
mmu-miR-6946-5p	1	0	0	3	1	1
mmu-miR-6946-3p	14	11	3	25	22	31
mmu-miR-874-3p	235	230	76	397	307	466
mmu-miR-874-5p	1	7	3	24	19	23
mmu-miR-137-3p	0	2	0	0	0	3
mmu-miR-122-5p	20	54	34	137	403	247
mmu-miR-122-3p	0	1	2	0	3	2
mmu-miR-673-5p	30	54	11	30	37	47
mmu-miR-673-3p	6	6	10	10	8	17
mmu-miR-5100	31	15	9	48	69	84
mmu-miR-7044-5p	1	0	0	0	0	0
mmu-miR-7044-3p	4	12	5	10	18	18
mmu-miR-6516-5p	27	39	9	63	83	69
mmu-miR-6516-3p	7	6	1	3	0	3
mmu-miR-211-5p	40	62	5	109	90	210
mmu-miR-211-3p	0	0	0	0	0	3
mmu-miR-345-5p	324	403	124	168	213	257
mmu-miR-345-3p	161	314	215	409	518	525
mmu-miR-296-5p	9	11	6	4	10	17
mmu-miR-296-3p	3	1	2	6	8	5
mmu-miR-3082-5p	1	0	1	1	4	4
mmu-miR-3082-3p	98	105	64	248	207	319
mmu-miR-3964	23	3	0	14	13	18
mmu-miR-331-5p	4	16	8	44	56	57
mmu-miR-331-3p	114	128	56	60	90	68
mmu-miR-6944-5p	0	1	0	0	0	0
mmu-miR-6944-3p	33	26	11	29	20	29
mmu-miR-708-5p	32	118	21	38	44	110
mmu-miR-708-3p	78	177	21	56	37	72
mmu-miR-434-5p	68	157	50	199	199	322
mmu-miR-434-3p	84	180	75	189	244	270
mmu-miR-212-5p	38	23	9	82	100	67
mmu-miR-212-3p	41	14	6	28	61	43
mmu-miR-132-5p	10	9	3	11	13	20
mmu-miR-132-3p	119	159	91	101	184	138
mmu-miR-184-3p	49	139	55	119	140	162
mmu-miR-33-3p	23	36	10	24	30	27
mmu-miR-33-5p	17	23	12	29	35	49
mmu-miR-700-5p	153	142	65	52	64	81
mmu-miR-700-3p	47	45	16	75	84	95
mmu-miR-139-3p	12	7	2	63	45	88
mmu-miR-139-5p	99	120	24	145	204	230
mmu-miR-379-5p	40	92	57	133	131	172
mmu-miR-379-3p	10	11	7	9	7	9
mmu-miR-669b-5p	10	7	4	16	21	19
mmu-miR-669b-3p	0	0	0	0	0	2
mmu-miR-187-5p	22	22	10	65	90	83
mmu-miR-187-3p	104	99	38	94	102	169
mmu-miR-669p-5p	7	3	5	14	29	23
mmu-miR-669p-3p	0	0	0	0	0	1
mmu-miR-1941-5p	11	4	7	23	39	40
mmu-miR-1941-3p	41	26	9	32	45	44
mmu-miR-3091-5p	0	1	0	1	0	0
mmu-miR-3091-3p	4	1	0	1	2	3
mmu-miR-7068-3p	166	166	57	122	145	181
mmu-miR-8103	21	19	10	79	61	81
mmu-miR-5132-3p	3	2	0	0	2	2
mmu-miR-5132-5p	0	0	1	0	0	0
mmu-miR-128-1-5p	20	16	13	17	12	33
mmu-miR-5124a	0	0	0	7	7	7
mmu-miR-3086-5p	72	48	36	40	55	54
mmu-miR-3086-3p	3	1	0	1	2	1
mmu-miR-7069-3p	0	0	0	1	2	2
mmu-miR-7069-5p	1	0	0	1	0	2
mmu-miR-3569-5p	1	0	0	0	0	0
mmu-miR-3569-3p	0	0	0	0	2	2
mmu-miR-491-5p	6	8	2	8	10	20
mmu-miR-491-3p	4	2	1	3	1	0
mmu-miR-6919-5p	1	2	0	0	0	0
mmu-miR-6919-3p	0	0	0	1	1	3
mmu-miR-1968-5p	8	11	14	32	76	35
mmu-miR-1968-3p	1	1	0	5	1	4
mmu-miR-411-5p	200	172	75	113	102	172
mmu-miR-411-3p	12	18	6	6	5	12
mmu-miR-467c-5p	20	6	2	34	45	34
mmu-miR-467c-3p	3	3	1	1	1	2
mmu-miR-382-5p	6	5	3	11	8	22
mmu-miR-382-3p	4	8	2	0	3	3
mmu-miR-301b-3p	32	15	7	22	39	41
mmu-miR-6989-5p	0	0	0	2	2	1
mmu-miR-6989-3p	5	0	4	21	8	26
mmu-miR-297c-5p	1	0	0	2	0	0
mmu-miR-297c-3p	6	3	1	6	3	9
mmu-miR-297a-5p	2	1	1	5	0	6
mmu-miR-297b-5p	3	1	0	5	7	2
mmu-miR-190a-3p	10	19	3	7	12	4
mmu-miR-190a-5p	159	189	96	65	80	98
mmu-let-7k	17	15	14	40	65	67
mmu-miR-1198-5p	254	223	107	275	400	399
mmu-miR-1198-3p	4	5	1	10	3	10
mmu-miR-7031-5p	0	0	0	4	2	0
mmu-miR-7031-3p	1	0	0	0	4	2
mmu-miR-669c-5p	21	24	13	36	51	58
mmu-miR-669c-3p	2	1	0	0	2	1
mmu-miR-1199-5p	8	10	18	23	45	48
mmu-miR-1199-3p	5	5	2	5	7	10
mmu-miR-709	5	9	2	11	28	32
mmu-miR-3076-5p	0	1	1	0	1	1
mmu-miR-3076-3p	6	2	2	13	7	10
mmu-miR-3057-5p	66	42	45	131	138	122
mmu-miR-3057-3p	2	0	0	0	5	3
mmu-miR-381-3p	62	222	82	115	108	186
mmu-miR-466d-5p	3	2	0	4	8	4
mmu-miR-466d-3p	8	7	0	9	13	13
mmu-miR-378d	15	7	7	1	4	9
mmu-miR-298-5p	16	18	10	50	51	74
mmu-miR-298-3p	1	0	0	0	0	0
mmu-miR-466i-5p	20	24	7	29	77	84
mmu-miR-466i-3p	2	2	0	0	5	4
mmu-miR-500-5p	3	3	2	3	10	9
mmu-miR-500-3p	123	130	65	63	91	96
mmu-miR-7046-3p	7	6	0	2	9	9
mmu-miR-7046-5p	0	0	0	0	1	0
mmu-miR-409-5p	3	8	0	6	7	12
mmu-miR-409-3p	48	63	20	25	26	46
mmu-miR-5107-5p	5	0	0	24	24	35
mmu-miR-5107-3p	9	7	2	15	13	27
mmu-miR-380-3p	2	6	0	0	4	5
mmu-miR-7016-3p	1	0	0	1	0	3
mmu-miR-18b-5p	6	3	2	5	4	6
mmu-miR-18b-3p	3	2	0	23	5	22
mmu-miR-410-3p	56	147	60	72	80	109
mmu-miR-669d-5p	11	2	4	3	8	7
mmu-miR-3060-3p	31	35	14	62	62	57
mmu-miR-505-5p	4	4	4	18	19	23
mmu-miR-505-3p	17	10	4	9	10	16
mmu-miR-1955-5p	12	11	9	37	56	58
mmu-miR-1955-3p	10	6	4	7	9	8
mmu-miR-6926-3p	0	0	0	1	1	3
mmu-miR-6418-3p	5	6	0	48	25	34
mmu-miR-466g	8	6	3	7	15	24
mmu-miR-6963-5p	0	0	0	1	0	0
mmu-miR-6963-3p	1	2	0	5	5	7
mmu-miR-7074-3p	0	0	0	0	0	1
mmu-miR-147-5p	64	27	3	24	30	29
mmu-miR-147-3p	36	11	7	9	4	20
mmu-miR-488-3p	3	3	3	3	4	5
mmu-miR-7226-3p	19	39	23	57	39	60
mmu-miR-3064-5p	4	1	0	2	3	3
mmu-miR-3064-3p	5	3	2	2	2	6
mmu-miR-6935-3p	0	0	0	1	1	1
mmu-miR-6935-5p	0	0	0	1	0	1
mmu-miR-433-3p	3	10	3	10	9	22
mmu-miR-7688-5p	7	9	3	13	15	14
mmu-miR-6952-3p	2	7	5	29	21	32
mmu-miR-6952-5p	3	1	0	2	3	3
mmu-miR-677-5p	42	81	36	20	51	33
mmu-miR-677-3p	0	2	2	4	0	3
mmu-miR-7028-5p	0	0	0	1	0	0
mmu-miR-7028-3p	0	0	0	0	0	1
mmu-miR-467d-5p	8	5	3	19	21	17
mmu-miR-467d-3p	20	8	8	7	17	27
mmu-miR-8097	2	1	0	1	3	3
mmu-miR-499-5p	2	3	2	6	5	15
mmu-miR-6992-5p	1	1	0	0	0	1
mmu-miR-7243-5p	0	0	0	0	2	3
mmu-miR-3074-5p	3	1	2	7	25	16
mmu-miR-3074-1-3p	11	16	1	17	15	31
mmu-miR-5128	3	2	1	5	1	11
mmu-miR-6240	307	148	168	11	41	21
mmu-miR-467a-5p	3	0	4	1	8	0
mmu-miR-6921-3p	1	2	0	4	1	7
mmu-miR-3095-5p	0	0	0	0	0	1
mmu-miR-3095-3p	3	0	1	2	2	2
mmu-miR-1668	25	31	29	58	62	87
mmu-miR-5129-5p	1	3	2	1	5	0
mmu-miR-5129-3p	20	13	2	11	14	15
mmu-miR-672-5p	95	67	55	111	126	145
mmu-miR-672-3p	5	1	3	4	3	5
mmu-miR-1983	7	5	1	1	10	7
mmu-miR-690	56	20	15	43	26	72
mmu-miR-135b-5p	6	4	3	2	5	8
mmu-miR-135b-3p	1	0	0	0	0	0
mmu-miR-9-5p	22	14	5	5	5	4
mmu-miR-9-3p	2	4	0	0	0	1
mmu-miR-5101	4	4	5	8	4	15
mmu-miR-369-5p	1	2	2	3	0	1
mmu-miR-369-3p	18	15	12	9	6	21
mmu-miR-5121	5	1	4	4	4	3
mmu-miR-1947-5p	45	27	21	88	87	88
mmu-miR-1947-3p	0	0	0	0	0	2
mmu-miR-467e-5p	20	22	9	31	36	40
mmu-miR-450a-1-3p	7	11	6	4	10	8
mmu-miR-592-5p	3	2	1	6	5	12
mmu-miR-615-3p	2	5	2	4	2	4
mmu-miR-7224-3p	61	29	17	28	40	48
mmu-miR-6540-5p	10	6	4	13	22	15
mmu-miR-6540-3p	0	1	0	0	0	1
mmu-miR-466c-5p	1	5	0	4	1	12
mmu-miR-466c-3p	12	9	3	16	30	16
mmu-miR-540-3p	1	10	2	12	8	11
mmu-miR-540-5p	2	15	2	10	15	22
mmu-miR-6899-5p	0	1	1	0	1	0
mmu-miR-6899-3p	36	26	13	39	43	45
mmu-miR-1191a	15	15	5	6	13	24
mmu-miR-6971-3p	20	11	13	37	29	35
mmu-miR-3061-5p	7	6	4	14	13	15
mmu-miR-3061-3p	30	12	11	30	32	33
mmu-miR-1195	39	28	8	29	42	63
mmu-miR-190b-5p	31	36	19	23	24	48
mmu-miR-190b-3p	1	2	0	8	5	8
mmu-miR-6991-3p	0	3	0	1	0	2
mmu-miR-6958-3p	3	2	0	0	1	1
mmu-miR-7019-3p	2	4	1	9	17	15
mmu-miR-5619-3p	0	0	0	1	2	4
mmu-miR-3473h-5p	0	3	1	0	0	3
mmu-miR-3109-5p	1	3	1	1	2	5
mmu-miR-3109-3p	4	4	3	21	23	28
mmu-miR-3074-2-3p	0	0	0	1	0	0
mmu-miR-6997-3p	1	0	0	0	1	0
mmu-miR-6997-5p	0	0	0	0	1	2
mmu-miR-138-5p	14	12	3	6	6	28
mmu-miR-138-1-3p	0	1	0	7	1	2
mmu-miR-188-3p	12	15	2	22	33	32
mmu-miR-188-5p	25	31	11	18	13	16
mmu-miR-7646-5p	2	3	1	1	0	7
mmu-miR-344d-3p	0	4	0	0	2	12
mmu-miR-1945	0	1	0	1	3	1
mmu-miR-3473e	0	0	0	1	0	5
mmu-miR-3473b	1	0	2	1	4	6
mmu-miR-7667-5p	0	0	0	3	2	4
mmu-miR-7667-3p	0	0	0	2	1	2
mmu-miR-7061-5p	0	0	0	0	0	3
mmu-miR-7061-3p	0	1	0	0	1	2
mmu-miR-483-3p	3	1	3	1	1	1
mmu-miR-483-5p	0	1	0	0	0	3
mmu-miR-7060-5p	6	0	0	0	1	0
mmu-miR-7060-3p	0	0	0	1	1	2
mmu-miR-3069-5p	5	3	0	1	0	1
mmu-miR-3069-3p	3	7	1	2	5	4
mmu-miR-467b-3p	0	0	0	0	0	1
mmu-miR-467b-5p	2	1	0	1	1	4
mmu-miR-547-3p	7	5	1	5	4	9
mmu-miR-337-5p	12	20	8	18	25	34
mmu-miR-337-3p	12	18	7	9	13	24
mmu-miR-12195-5p	0	0	0	0	1	0
mmu-miR-12195-3p	7	4	2	3	8	11
mmu-miR-12199-3p	10	8	4	11	20	10
mmu-miR-6901-5p	11	4	3	8	13	9
mmu-miR-6901-3p	0	2	2	0	3	1
mmu-miR-6993-3p	1	1	0	0	0	1
mmu-miR-341-3p	6	30	6	5	4	20
mmu-miR-378b	2	5	1	2	2	2
mmu-miR-653-5p	115	114	75	53	98	57
mmu-miR-653-3p	0	1	0	0	0	0
mmu-miR-7015-3p	12	7	6	25	20	25
mmu-miR-7015-5p	0	1	0	0	0	0
mmu-miR-6957-5p	0	0	0	1	2	1
mmu-miR-6957-3p	0	2	0	0	1	1
mmu-miR-145b	3	4	0	6	3	2
mmu-miR-598-3p	98	40	26	29	51	52
mmu-miR-669f-5p	1	0	1	5	6	4
mmu-miR-669f-3p	1	3	1	7	11	6
mmu-miR-704	0	0	1	4	2	5
mmu-miR-1231-5p	0	2	0	2	0	0
mmu-miR-1231-3p	2	0	1	3	4	3
mmu-miR-12194-3p	2	1	0	5	3	4
mmu-miR-1933-5p	0	0	0	1	0	0
mmu-miR-1933-3p	4	2	1	6	5	7
mmu-miR-1291	3	1	0	2	4	1
mmu-miR-7116-5p	0	0	0	0	0	1
mmu-miR-7116-3p	6	10	3	8	15	20
mmu-miR-376c-3p	14	12	6	9	16	10
mmu-miR-1954	2	4	1	6	6	5
mmu-miR-1982-5p	0	0	1	0	1	0
mmu-miR-1982-3p	13	11	4	19	17	24
mmu-miR-3572-3p	13	8	3	8	16	9
mmu-miR-3572-5p	0	0	0	0	0	1
mmu-miR-3472	5	9	0	0	2	3
mmu-miR-5126	0	0	2	6	8	9
mmu-miR-12202-5p	0	0	0	1	0	3
mmu-miR-12202-3p	3	0	0	2	0	3
mmu-miR-12206-5p	3	0	0	0	0	3
mmu-miR-7091-5p	0	1	3	2	1	5
mmu-miR-7091-3p	0	2	0	1	3	1
mmu-miR-6353	0	0	1	0	1	1
mmu-miR-452-5p	19	21	8	18	16	20
mmu-miR-452-3p	0	1	0	0	1	0
mmu-miR-3088-3p	3	4	0	4	1	10
mmu-miR-666-5p	7	5	2	10	7	23
mmu-miR-666-3p	0	1	0	0	0	1
mmu-miR-667-3p	6	9	3	6	6	8
mmu-miR-20b-5p	22	21	0	24	15	25
mmu-miR-20b-3p	0	1	0	1	0	1
mmu-miR-6903-3p	0	0	0	0	0	2
mmu-miR-3547-3p	3	1	0	2	6	2
mmu-miR-466f-5p	1	0	0	0	3	0
mmu-miR-466f-3p	6	1	2	14	8	15
mmu-miR-6539	4	1	3	4	3	3
mmu-miR-3970	0	1	0	1	1	0
mmu-miR-383-5p	3	5	6	7	5	11
mmu-miR-466n-3p	0	2	0	1	1	2
mmu-miR-7b-5p	28	25	27	26	18	49
mmu-miR-7b-3p	0	1	0	0	0	0
mmu-miR-3473c	2	0	0	4	3	6
mmu-miR-329-5p	8	35	7	8	12	21
mmu-miR-329-3p	10	12	4	4	2	7
mmu-miR-1187	1	2	2	2	3	8
mmu-miR-376a-3p	2	3	0	8	3	7
mmu-miR-376a-5p	0	2	0	1	1	2
mmu-miR-6970-5p	0	1	2	0	0	4
mmu-miR-6970-3p	1	0	0	0	0	0
mmu-miR-6914-3p	0	0	0	14	15	5
mmu-miR-1895	8	10	9	10	31	26
mmu-miR-7675-3p	1	1	1	1	0	7
mmu-miR-1949	1	0	0	2	1	1
mmu-miR-669a-3-3p	1	7	0	0	2	0
mmu-miR-466b-5p	0	0	0	0	0	1
mmu-miR-466b-3p	0	0	0	1	0	0
mmu-miR-466a-5p	1	0	0	4	0	3
mmu-miR-466p-5p	0	1	0	0	0	1
mmu-miR-466e-5p	0	0	0	2	1	3
mmu-miR-5114	21	24	6	40	43	45
mmu-miR-12191-3p	6	0	0	15	8	4
mmu-miR-760-5p	0	0	1	1	0	0
mmu-miR-760-3p	2	2	6	3	11	14
mmu-miR-7213-5p	4	1	0	8	16	13
mmu-miR-7213-3p	3	0	0	2	0	0
mmu-miR-106a-5p	11	7	3	10	16	10
mmu-miR-3070-5p	0	0	0	0	1	4
mmu-miR-7010-5p	3	2	3	4	6	4
mmu-miR-7010-3p	0	0	0	0	1	0
mmu-miR-3473a	5	6	0	6	14	17
mmu-miR-5123	1	2	0	3	6	3
mmu-miR-3113-3p	1	0	0	0	0	1
mmu-miR-344-3p	14	15	7	18	23	19
mmu-miR-3098-5p	0	0	0	3	0	5
mmu-miR-3098-3p	2	0	1	2	9	5
mmu-miR-7054-5p	0	1	1	0	1	0
mmu-miR-7054-3p	0	1	0	0	0	1
mmu-miR-6925-5p	0	1	0	2	6	5
mmu-miR-6925-3p	0	0	1	0	0	2
mmu-miR-30f	6	9	4	14	9	11
mmu-miR-195b	2	2	2	2	1	2
mmu-miR-701-5p	1	1	0	1	2	1
mmu-miR-701-3p	1	1	1	3	2	1
mmu-miR-7236-3p	2	9	1	8	11	11
mmu-miR-3066-5p	15	10	6	8	9	9
mmu-miR-3066-3p	1	1	1	0	0	0
mmu-miR-6968-5p	0	0	0	0	1	0
mmu-miR-6968-3p	3	2	1	6	7	9
mmu-miR-299a-3p	6	20	7	6	5	13
mmu-miR-299a-5p	8	19	6	2	3	6
mmu-miR-6996-5p	1	4	1	19	10	16
mmu-miR-6996-3p	2	0	1	0	1	0
mmu-miR-6975-3p	3	1	1	7	5	10
mmu-miR-7689-3p	0	0	0	0	3	2
mmu-miR-7687-5p	0	0	0	4	2	2
mmu-miR-129-5p	2	2	1	0	4	2
mmu-miR-129-2-3p	4	6	3	1	6	5
mmu-miR-1934-5p	4	3	0	6	5	7
mmu-miR-1934-3p	1	0	0	0	1	1
mmu-miR-6906-5p	1	0	0	0	0	0
mmu-miR-6906-3p	1	0	0	3	2	6
mmu-miR-7655-5p	5	6	6	7	7	6
mmu-miR-6994-5p	0	0	0	0	1	0
mmu-miR-6994-3p	4	0	0	2	1	3
mmu-miR-6960-5p	1	4	2	8	5	9
mmu-miR-6415	0	0	0	0	0	1
mmu-miR-6933-3p	1	1	0	0	0	1
mmu-miR-6933-5p	0	2	1	1	4	3
mmu-miR-344d-3-5p	0	0	0	2	0	0
mmu-miR-6940-3p	2	2	3	1	0	4
mmu-miR-489-5p	0	1	0	0	0	0
mmu-miR-489-3p	35	17	9	14	31	25
mmu-miR-196b-5p	3	2	1	24	29	20
mmu-miR-196b-3p	0	0	0	0	0	1
mmu-miR-7219-3p	4	3	2	3	4	9
mmu-miR-1948-5p	4	2	2	0	6	4
mmu-miR-1948-3p	3	2	0	10	7	10
mmu-miR-377-3p	7	9	1	13	10	5
mmu-miR-377-5p	1	1	0	0	0	4
mmu-miR-3058-5p	1	0	1	2	3	5
mmu-miR-3058-3p	3	1	1	5	4	6
mmu-miR-1966-5p	0	0	0	1	1	1
mmu-miR-1966-3p	10	4	3	25	26	9
mmu-miR-7075-5p	0	1	0	0	0	0
mmu-miR-7075-3p	8	6	2	18	18	15
mmu-miR-138-2-3p	0	1	0	2	0	1
mmu-miR-293-5p	1	1	1	1	1	2
mmu-miR-293-3p	0	1	1	1	0	3
mmu-miR-7063-5p	0	1	0	1	11	8
mmu-miR-7063-3p	1	2	1	11	4	9
mmu-miR-6985-3p	9	13	1	19	26	19
mmu-miR-6985-5p	0	0	0	0	1	1
mmu-miR-3094-3p	0	0	0	0	0	2
mmu-miR-1188-5p	0	0	1	0	1	2
mmu-miR-7064-5p	0	0	0	0	0	1
mmu-miR-3083b-5p	0	1	0	0	0	0
mmu-miR-3083b-3p	0	0	0	0	0	1
mmu-miR-346-5p	12	1	1	1	2	4
mmu-miR-7058-3p	2	4	0	9	1	8
mmu-miR-3103-5p	0	1	0	3	5	7
mmu-miR-3103-3p	12	3	4	12	8	18
mmu-miR-3097-5p	4	1	0	4	5	2
mmu-miR-3097-3p	5	3	1	2	7	5
mmu-miR-1903	1	2	1	2	1	7
mmu-miR-7021-5p	1	3	0	3	2	0
mmu-miR-7021-3p	0	0	0	3	2	3
mmu-miR-7215-5p	0	0	0	0	0	1
mmu-miR-7215-3p	0	0	0	0	0	1
mmu-miR-5122	2	0	1	14	7	2
mmu-miR-7079-3p	1	2	0	3	6	4
mmu-miR-3063-3p	0	1	0	0	0	1
mmu-miR-7671-5p	0	0	1	3	0	1
mmu-miR-7671-3p	0	0	1	1	0	0
mmu-miR-1193-5p	0	0	1	0	0	1
mmu-miR-1193-3p	0	2	0	0	1	3
mmu-miR-7662-5p	2	0	0	0	0	0
mmu-miR-7662-3p	1	2	0	3	1	4
mmu-miR-8116	1	0	0	9	14	3
mmu-miR-12193-5p	0	0	0	0	0	1
mmu-miR-12193-3p	0	0	1	3	0	2
mmu-miR-7059-5p	2	1	0	5	11	10
mmu-miR-6948-3p	5	1	2	5	6	12
mmu-miR-6948-5p	1	0	0	1	1	0
mmu-miR-6945-3p	3	3	0	3	3	6
mmu-miR-7004-5p	1	2	0	0	0	1
mmu-miR-7004-3p	0	0	0	4	2	0
mmu-miR-6980-3p	1	3	0	4	9	5
mmu-miR-6980-5p	0	2	0	3	0	0
mmu-miR-487b-5p	0	1	0	0	1	0
mmu-miR-487b-3p	1	4	3	9	2	10
mmu-miR-7094-3p	0	0	0	1	1	4
mmu-miR-294-5p	0	0	0	0	0	1
mmu-miR-5119	0	0	0	1	0	2
mmu-miR-7033-5p	0	2	0	0	0	2
mmu-miR-7025-3p	4	8	3	5	9	5
mmu-miR-7084-5p	2	0	0	1	2	2
mmu-miR-7084-3p	1	0	2	1	2	1
mmu-miR-6395	0	0	2	0	0	3
mmu-miR-7237-3p	2	6	6	2	1	3
mmu-miR-3475-3p	1	1	0	0	3	2
mmu-miR-3089-5p	0	1	1	0	0	1
mmu-miR-3089-3p	2	6	0	3	3	5
mmu-miR-6964-3p	1	0	2	2	5	6
mmu-miR-6955-5p	4	2	0	2	0	3
mmu-miR-6955-3p	2	0	1	1	1	2
mmu-miR-7065-5p	1	1	0	0	0	1
mmu-miR-7065-3p	1	0	0	1	1	0
mmu-miR-5103	3	1	0	3	3	2
mmu-miR-129-1-3p	0	3	0	0	0	1
mmu-miR-7082-5p	0	0	0	1	0	0
mmu-miR-7082-3p	1	0	0	0	1	1
mmu-miR-6360	0	0	0	0	0	1
mmu-miR-201-5p	10	7	1	3	5	8
mmu-miR-5113	4	1	4	5	4	5
mmu-miR-485-3p	7	1	2	3	5	5
mmu-miR-485-5p	7	1	2	7	7	6
mmu-miR-8096	0	1	0	1	0	1
mmu-miR-5627-5p	0	0	0	0	0	1
mmu-miR-5627-3p	5	5	0	1	3	2
mmu-miR-8118	5	0	2	1	4	3
mmu-miR-466q	1	2	0	1	2	0
mmu-miR-7070-3p	1	0	0	1	1	6
mmu-miR-3073b-3p	0	2	0	1	0	1
mmu-miR-7035-5p	0	0	0	1	0	0
mmu-miR-7035-3p	0	1	0	3	1	4
mmu-miR-6986-5p	0	2	1	6	5	3
mmu-miR-7653-5p	0	0	1	0	1	0
mmu-miR-7653-3p	0	0	1	0	4	5
mmu-miR-7042-5p	0	0	1	1	3	1
mmu-miR-7042-3p	2	2	0	9	2	7
mmu-miR-216a-3p	0	0	0	1	1	0
mmu-miR-216a-5p	0	0	0	0	0	1
mmu-miR-6953-3p	3	0	1	4	3	3
mmu-miR-12189-3p	0	0	0	0	0	1
mmu-miR-6896-5p	0	1	1	1	0	3
mmu-miR-344b-3p	1	0	0	0	0	0
mmu-miR-344b-5p	0	0	0	0	0	1
mmu-miR-669e-5p	0	1	0	0	0	1
mmu-miR-669e-3p	0	0	0	0	0	1
mmu-miR-5134-3p	0	0	0	0	2	1
mmu-miR-706	0	2	0	0	1	3
mmu-miR-3065-5p	1	2	0	1	2	4
mmu-miR-3065-3p	1	0	0	1	0	0
mmu-miR-761	0	0	0	0	0	1
mmu-miR-6934-3p	0	1	1	1	0	1
mmu-miR-6934-5p	0	0	0	0	2	1
mmu-miR-3087-5p	0	0	0	1	2	0
mmu-miR-3087-3p	4	2	4	1	2	5
mmu-miR-6981-5p	0	0	1	1	0	1
mmu-miR-6981-3p	2	2	2	6	10	11
mmu-miR-6979-3p	2	1	1	1	0	6
mmu-miR-8094	17	1	2	14	11	12
mmu-miR-3969	0	0	0	0	0	1
mmu-miR-551b-5p	0	0	0	1	0	0
mmu-miR-551b-3p	1	4	1	4	3	2
mmu-miR-668-3p	5	6	3	9	18	11
mmu-miR-1950	1	1	0	0	0	1
mmu-miR-7023-3p	2	1	0	1	1	3
mmu-miR-6962-3p	0	0	0	1	0	0
mmu-miR-6962-5p	0	0	0	0	0	1
mmu-miR-6367	0	0	0	0	0	1
mmu-miR-669m-5p	0	0	0	0	0	1
mmu-miR-669m-3p	0	1	1	0	0	1
mmu-miR-3473f	2	2	2	0	2	5
mmu-miR-3108-5p	0	0	0	2	0	3
mmu-miR-3108-3p	0	0	0	0	0	1
mmu-miR-7649-3p	0	4	0	1	1	5
mmu-miR-6995-5p	0	0	0	1	0	1
mmu-miR-6995-3p	1	0	0	1	0	2
mmu-miR-6897-5p	0	0	0	1	0	3
mmu-miR-6897-3p	0	0	0	0	0	1
mmu-miR-292b-5p	0	0	0	2	1	2
mmu-miR-6916-5p	3	0	0	1	4	2
mmu-miR-6916-3p	0	0	1	0	0	0
mmu-miR-7017-5p	0	1	0	1	2	1
mmu-miR-7017-3p	0	0	0	0	0	4
mmu-miR-6905-5p	0	0	0	0	0	1
mmu-miR-6959-5p	0	1	1	3	0	2
mmu-miR-6959-3p	3	0	0	0	1	2
mmu-miR-802-5p	0	2	1	3	4	3
mmu-miR-802-3p	0	0	0	0	0	1
mmu-miR-6998-5p	0	0	1	1	1	0
mmu-miR-6998-3p	0	0	0	0	0	1
mmu-miR-1258-5p	2	1	0	0	1	1
mmu-miR-1258-3p	1	0	0	0	0	0
mmu-miR-7076-3p	0	0	0	0	0	2
mmu-miR-470-5p	2	4	2	0	0	3
mmu-miR-6978-3p	3	4	0	3	1	2
mmu-miR-6978-5p	0	0	0	0	0	1
mmu-miR-3967	1	0	0	1	0	1
mmu-miR-7047-3p	0	0	0	0	0	2
mmu-miR-5104	0	0	0	1	1	3
mmu-miR-6954-5p	0	0	0	0	1	0
mmu-miR-6954-3p	1	0	0	0	2	1
mmu-miR-873a-5p	0	1	0	1	0	1
mmu-miR-873a-3p	0	2	0	2	0	0
mmu-miR-370-5p	0	1	0	0	1	1
mmu-miR-370-3p	0	3	0	5	5	2
mmu-miR-7036b-5p	0	3	1	0	0	1
mmu-miR-7036b-3p	0	0	0	0	1	0
mmu-miR-3960	2	2	0	3	2	8
mmu-miR-3099-3p	1	0	0	0	2	3
mmu-miR-1930-5p	0	1	0	0	1	2
mmu-miR-1930-3p	0	1	0	0	0	1
mmu-miR-5120	2	6	1	3	1	10
mmu-miR-698-3p	0	0	0	0	0	1
mmu-miR-7009-3p	0	0	0	0	1	0
mmu-miR-7009-5p	1	0	0	0	0	1
mmu-miR-496a-3p	17	16	4	0	3	3
mmu-miR-466m-3p	0	0	0	1	0	0
mmu-miR-6909-3p	0	0	0	0	0	2
mmu-miR-6909-5p	0	1	0	1	1	0
mmu-miR-6244	0	0	0	0	0	1
mmu-miR-3473g	2	2	0	1	4	4
mmu-miR-9768-5p	0	0	0	0	0	1
mmu-miR-9768-3p	0	0	0	0	0	1
mmu-miR-6922-3p	1	2	0	5	2	2
mmu-miR-6922-5p	0	1	0	0	0	2
mmu-miR-7039-3p	1	0	0	1	1	2
mmu-miR-3154	1	0	0	2	1	1
mmu-miR-5108	0	0	0	1	2	1
mmu-miR-1938	0	0	0	0	0	2
mmu-miR-6939-3p	0	0	0	1	1	2
mmu-miR-7659-5p	0	0	0	0	0	3
mmu-miR-7081-5p	0	0	0	0	0	1
mmu-miR-7081-3p	0	1	0	0	0	0
mmu-miR-679-5p	0	4	1	2	4	2
mmu-miR-494-3p	2	3	0	2	3	2
mmu-miR-219c-5p	0	0	0	2	2	4
mmu-miR-219c-3p	3	6	2	6	5	3
mmu-miR-12178-3p	0	0	0	7	6	3
mmu-miR-770-5p	0	0	0	1	0	0
mmu-miR-770-3p	0	0	0	0	0	1
mmu-miR-7012-5p	0	0	1	0	0	2
mmu-miR-154-3p	1	0	0	1	2	3
mmu-miR-154-5p	0	13	1	9	6	5
mmu-miR-6976-3p	0	1	0	2	5	1
mmu-miR-6976-5p	1	0	0	0	0	1
mmu-miR-1970	0	0	0	0	0	3
mmu-miR-495-3p	2	11	5	0	4	5
mmu-miR-2137	2	0	0	2	2	1
mmu-miR-466k	0	1	0	1	0	1
mmu-miR-8095	0	0	0	0	0	1
mmu-miR-135a-5p	1	10	0	3	1	6
mmu-miR-135a-1-3p	0	2	1	0	0	2
mmu-miR-7013-5p	0	0	0	3	0	3
mmu-miR-217-5p	0	0	0	3	0	1
mmu-miR-217-3p	0	0	1	0	0	0
mmu-miR-1960	1	1	2	5	3	6
mmu-miR-7022-3p	0	1	0	1	0	2
mmu-miR-3071-3p	0	0	0	0	0	1
mmu-miR-6541	2	2	2	1	3	3
mmu-miR-871-5p	1	1	0	0	0	1
mmu-miR-871-3p	9	9	2	0	1	0
mmu-miR-6538	3	2	2	1	2	1
mmu-miR-935	3	0	0	0	0	1
mmu-miR-412-5p	0	1	0	1	0	1
mmu-miR-412-3p	0	0	1	0	0	0
mmu-miR-1b-3p	0	3	2	5	2	4
mmu-miR-8105	0	1	0	3	1	2
mmu-miR-7045-3p	0	1	0	0	0	0
mmu-miR-7045-5p	9	6	2	0	0	2
mmu-miR-1956	1	2	3	2	2	1
mmu-miR-1224-5p	0	0	0	0	0	1
mmu-miR-1224-3p	2	0	1	0	0	1
mmu-miR-3080-3p	0	0	0	1	0	1
mmu-miR-12201-5p	0	0	0	0	1	0
mmu-miR-12201-3p	1	1	0	5	4	1
mmu-miR-206-3p	1	1	1	0	0	2
mmu-miR-135a-2-3p	0	0	0	1	0	0
mmu-miR-6239	0	0	1	1	1	1
mmu-miR-1969	0	0	0	1	2	1
mmu-miR-7230-3p	0	0	0	0	0	1
mmu-miR-1190	0	0	0	0	0	1
mmu-miR-7092-5p	0	1	0	1	0	0
mmu-miR-7092-3p	0	2	0	2	1	2
mmu-miR-203b-3p	1	13	2	1	1	1
mmu-miR-694	1	1	0	1	1	3
mmu-miR-7006-3p	1	2	0	5	2	5
mmu-miR-8101	0	0	0	1	2	1
mmu-miR-6368	0	0	0	0	0	2
mmu-miR-5617-5p	0	0	0	0	0	1
mmu-miR-1932	2	0	1	0	1	1
mmu-miR-5624-5p	0	0	4	1	1	1
mmu-miR-5624-3p	0	0	0	0	0	2
mmu-miR-344f-3p	0	0	0	0	0	1
mmu-miR-5620-3p	0	0	0	1	0	2
mmu-miR-5620-5p	0	0	1	0	0	0
mmu-miR-7083-3p	2	2	0	1	0	2
mmu-miR-7083-5p	1	4	0	2	5	3
mmu-miR-295-3p	1	4	2	2	7	4
mmu-miR-7658-3p	0	1	0	3	2	3
mmu-miR-6913-3p	3	3	1	6	3	3
mmu-miR-5615-5p	2	0	1	0	0	1
mmu-miR-5615-3p	0	1	0	0	0	0
mmu-miR-5616-5p	0	0	0	0	0	1
mmu-miR-3961	0	1	0	0	0	1
mmu-miR-7067-3p	1	2	0	3	2	0
mmu-miR-7067-5p	0	0	0	0	0	1
mmu-miR-1936	0	0	0	0	1	1
mmu-miR-7681-5p	0	0	0	0	0	1
mmu-miR-12182-3p	0	0	1	2	0	1
mmu-miR-5116	3	0	0	1	2	3
mmu-miR-7117-3p	0	1	0	0	0	0
mmu-miR-7117-5p	0	0	0	0	1	2
mmu-miR-7036a-3p	1	3	0	0	1	1
mmu-miR-7036a-5p	0	0	0	0	1	0
mmu-miR-3966	0	0	0	0	0	1
mmu-miR-1953	1	2	0	2	4	1
mmu-miR-6715-5p	0	0	0	0	0	1
mmu-miR-344h-5p	0	0	0	0	0	1
mmu-miR-344e-5p	0	0	0	0	0	1
mmu-miR-344e-3p	0	0	0	1	0	0
mmu-miR-7032-3p	0	2	0	1	2	1
mmu-miR-7032-5p	0	0	0	1	0	0
mmu-miR-219a-2-3p	0	1	0	0	0	0
mmu-miR-3081-3p	0	1	5	8	4	1
mmu-miR-3962	1	0	0	0	0	1
mmu-miR-12181-5p	1	0	0	0	0	1
mmu-miR-665-3p	1	2	1	0	1	1
mmu-miR-3077-5p	0	0	0	1	0	0
mmu-miR-3077-3p	0	0	0	2	1	2
mmu-miR-7037-3p	0	0	0	0	0	1
mmu-miR-7037-5p	0	0	0	1	0	0
mmu-miR-3110-5p	3	0	0	0	1	1
mmu-miR-6927-3p	0	0	0	1	0	1
mmu-miR-8120	0	2	1	1	3	2
mmu-miR-12205-5p	2	0	1	0	3	1
mmu-miR-7062-3p	0	0	0	1	0	0
mmu-miR-7062-5p	0	0	0	0	0	1
mmu-miR-6932-3p	1	0	0	0	0	1
mmu-miR-6932-5p	1	0	1	4	3	2
mmu-miR-1946a	2	3	0	0	1	2
mmu-miR-7669-5p	2	1	0	3	0	1
mmu-miR-7669-3p	0	0	0	0	1	1
mmu-miR-6942-5p	0	0	0	0	3	1
mmu-miR-7674-5p	0	1	0	0	1	0
mmu-miR-7674-3p	2	0	1	1	1	1
mmu-miR-7086-5p	0	0	0	1	1	0
mmu-miR-7086-3p	0	1	0	0	0	1
mmu-miR-6400	0	0	0	0	0	1
mmu-miR-5621-3p	0	0	0	3	3	1
mmu-miR-6936-5p	0	0	1	0	0	2
mmu-miR-6936-3p	0	0	0	1	0	0
mmu-miR-6394	0	0	0	0	0	1
mmu-miR-3474	0	1	0	2	4	1
mmu-miR-384-5p	1	1	0	4	0	2
mmu-miR-384-3p	0	3	0	0	1	1
mmu-miR-6929-3p	0	0	0	0	1	1
mmu-miR-669l-5p	0	3	0	5	11	4
mmu-miR-325-3p	1	0	0	0	1	1
mmu-miR-202-5p	0	0	0	0	0	1
mmu-miR-467f	0	1	0	0	0	1
mmu-miR-3552	2	2	1	3	2	3
mmu-miR-6380	0	1	1	1	1	3
mmu-miR-344i	0	0	0	1	0	1
mmu-miR-6984-3p	0	2	1	2	2	2
mmu-miR-7211-5p	0	0	0	0	0	2
mmu-miR-7211-3p	0	0	0	1	0	0
mmu-miR-5623-5p	0	0	0	0	0	1
mmu-miR-7007-3p	0	1	0	0	1	1
mmu-miR-7007-5p	0	0	0	0	1	0
mmu-miR-7038-3p	0	0	0	3	1	0
mmu-miR-7038-5p	0	1	0	0	0	1
mmu-miR-1271-5p	0	0	0	0	1	0
mmu-miR-1271-3p	0	1	0	0	1	1
mmu-miR-1931	0	0	0	0	2	0
mmu-miR-12188-5p	2	3	0	2	0	1
mmu-miR-8107	0	0	1	0	0	1
mmu-miR-6915-5p	0	0	0	0	0	1
mmu-miR-6915-3p	0	0	0	1	3	1
mmu-miR-21c	1	1	1	1	1	1
mmu-miR-7040-5p	0	0	0	1	1	1
mmu-miR-7080-3p	0	0	0	0	0	1
mmu-miR-6961-5p	0	0	0	2	5	0
mmu-miR-6961-3p	0	0	0	0	1	1
mmu-miR-7115-5p	0	1	0	0	0	0
mmu-miR-7115-3p	0	0	0	0	0	1
mmu-miR-7650-5p	0	0	0	0	0	1
mmu-miR-7029-3p	0	0	0	0	0	1
mmu-miR-7029-5p	0	0	0	0	1	0
mmu-miR-7011-5p	0	2	0	0	0	0
mmu-miR-7011-3p	0	1	0	0	1	1
mmu-miR-3078-5p	0	1	0	1	0	1
mmu-miR-702-3p	0	0	0	0	1	1
mmu-miR-291a-3p	1	0	0	0	0	1
mmu-miR-7647-5p	1	0	1	0	0	1
mmu-miR-7647-3p	0	0	0	0	1	0
mmu-miR-7048-5p	0	0	1	0	0	1
mmu-miR-7048-3p	1	1	0	4	2	0
mmu-miR-693-3p	3	0	3	2	2	1
mmu-miR-1961	0	0	0	1	2	1
mmu-miR-196a-5p	0	0	2	0	1	1
mmu-miR-196a-2-3p	0	1	0	0	0	0
mmu-miR-6912-3p	0	0	1	0	0	0
mmu-miR-6912-5p	1	1	0	0	0	1
mmu-miR-6537-3p	0	0	0	1	0	1
mmu-miR-7087-3p	0	0	0	0	1	1
mmu-miR-6344	0	0	0	0	0	1
mmu-miR-7684-5p	0	0	0	0	0	1
mmu-miR-3085-3p	0	1	0	0	0	0
mmu-miR-7661-3p	1	1	0	1	2	0
mmu-miR-8098	2	1	0	0	0	0
mmu-miR-741-3p	0	1	0	1	0	0
mmu-miR-6908-3p	0	1	0	1	1	0
mmu-miR-7651-5p	0	1	0	2	2	0
mmu-miR-3062-5p	1	2	0	0	0	0
mmu-miR-6363	0	0	0	1	1	0
mmu-miR-6399	0	2	0	0	0	0
mmu-miR-684	0	1	0	0	0	0
mmu-miR-7679-5p	0	1	0	0	0	0
mmu-miR-7679-3p	1	0	0	0	0	0
mmu-miR-196a-1-3p	0	1	0	0	0	0
mmu-miR-7026-5p	0	0	1	0	1	0
mmu-miR-7026-3p	0	1	0	0	2	0
mmu-miR-3059-5p	0	1	2	1	0	0
mmu-miR-6983-3p	0	1	1	0	3	0
mmu-miR-6983-5p	1	1	0	1	1	0
mmu-miR-6969-5p	0	1	0	0	0	0
mmu-miR-7089-3p	1	1	1	1	0	0
mmu-miR-7089-5p	0	0	0	2	1	0
mmu-miR-7093-3p	1	3	1	1	2	0
mmu-miR-758-3p	3	1	0	1	0	0
mmu-miR-6236	3	5	6	0	0	0
mmu-miR-7018-3p	0	4	2	2	2	0
mmu-miR-6930-5p	0	1	0	0	1	0
mmu-miR-6974-3p	0	1	0	0	0	0
mmu-miR-291b-3p	0	1	0	0	0	0
mmu-miR-12198-3p	0	1	0	0	0	0
mmu-miR-463-5p	0	1	0	0	0	0
mmu-miR-7239-5p	0	1	0	0	0	0
mmu-miR-292a-5p	0	2	1	0	0	0
mmu-miR-292a-3p	0	0	0	0	2	0
mmu-miR-539-3p	0	1	0	0	0	0
mmu-miR-6977-3p	0	1	0	0	1	0
mmu-miR-449b	0	3	0	1	1	0
mmu-miR-12197-3p	0	1	0	0	0	0
mmu-miR-743a-5p	0	1	0	0	0	0
mmu-miR-7077-3p	0	1	0	1	0	0
mmu-miR-1958	0	1	0	1	0	0
mmu-miR-6335	0	1	0	0	1	0
mmu-miR-3101-5p	2	1	0	1	0	0
mmu-miR-12203-3p	0	1	0	0	0	0
mmu-miR-6357	0	1	0	0	0	0
mmu-miR-7654-5p	0	1	0	0	0	0
mmu-miR-1970c-5p	1	0	0	0	0	0
mmu-miR-1970c-3p	0	2	1	0	2	0
mmu-miR-6972-3p	0	1	0	1	0	0
mmu-miR-344c-3p	0	1	0	0	0	0
mmu-miR-6937-5p	2	1	2	0	1	0
mmu-miR-6937-3p	0	2	0	0	0	0
mmu-miR-7683-5p	0	2	0	0	0	0
mmu-miR-465a-3p	1	1	0	0	0	0
mmu-miR-465b-5p	2	0	0	0	0	0
mmu-miR-697	1	1	0	0	0	0
mmu-miR-7057-3p	1	2	0	2	0	0
mmu-miR-7050-3p	0	1	0	0	0	0
mmu-miR-7050-5p	0	0	0	0	1	0
mmu-miR-7055-3p	0	1	0	0	0	0
mmu-miR-6397	0	1	0	0	0	0
mmu-miR-124-3p	0	1	0	1	0	0
mmu-miR-6990-5p	0	2	0	1	2	0
mmu-miR-6990-3p	1	1	0	1	2	0
mmu-miR-7034-3p	0	1	0	0	0	0
mmu-miR-465c-5p	0	1	0	0	0	0
mmu-miR-219b-3p	1	1	0	1	0	0
mmu-miR-7682-3p	0	1	0	0	0	0
mmu-miR-8108	0	1	1	0	0	0
mmu-miR-7231-5p	0	1	1	0	0	0
mmu-miR-544-5p	1	0	0	0	0	0
mmu-miR-544-3p	0	1	0	0	1	0
mmu-miR-7090-3p	1	1	0	3	3	0
mmu-miR-8113	0	1	0	0	1	0
mmu-miR-6943-5p	0	0	1	1	0	0
mmu-miR-6943-3p	1	0	1	1	2	0
mmu-miR-12180-3p	0	0	2	0	0	0
mmu-miR-7670-3p	0	0	1	4	1	0
mmu-miR-467g	0	0	1	0	0	0
mmu-miR-881-5p	1	0	0	0	0	0
mmu-miR-881-3p	1	0	3	0	0	0
mmu-miR-876-5p	0	0	1	0	0	0
mmu-miR-7027-5p	0	0	0	1	0	0
mmu-miR-7027-3p	2	0	1	0	0	0
mmu-miR-8092	1	0	1	0	0	0
mmu-miR-6967-3p	1	0	0	0	2	0
mmu-miR-6967-5p	0	0	1	0	0	0
mmu-miR-6928-3p	2	0	1	1	1	0
mmu-miR-6898-3p	0	0	1	0	0	0
mmu-miR-5125	0	0	1	1	0	0
mmu-miR-1893	1	0	1	1	0	0
mmu-miR-7232-5p	0	0	1	0	0	0
mmu-miR-7232-3p	0	0	0	0	1	0
mmu-miR-7227-3p	0	0	1	0	0	0
mmu-miR-6385	0	0	1	0	0	0
mmu-miR-767	0	0	1	0	1	0
mmu-miR-6481	156	0	0	0	0	0
mmu-miR-7225-5p	1	0	0	0	0	0
mmu-miR-7041-3p	0	0	0	1	0	0
mmu-miR-7041-5p	1	0	0	0	1	0
mmu-miR-7657-3p	1	0	0	0	0	0
mmu-miR-323-3p	1	0	0	0	1	0
mmu-miR-7085-3p	1	0	0	2	1	0
mmu-miR-7085-5p	0	0	0	0	1	0
mmu-miR-670-5p	0	0	0	0	1	0
mmu-miR-670-3p	1	0	0	0	0	0
mmu-miR-7677-3p	2	0	0	1	2	0
mmu-miR-6956-3p	4	0	0	1	2	0
mmu-miR-6956-5p	1	0	0	0	1	0
mmu-miR-126b-3p	1	0	0	0	0	0
mmu-miR-7666-5p	2	0	0	0	0	0
mmu-miR-7664-5p	1	0	0	1	1	0
mmu-miR-7664-3p	1	0	0	0	0	0
mmu-miR-6938-3p	0	0	0	1	0	0
mmu-miR-6938-5p	1	0	0	0	0	0
mmu-miR-1192	1	0	0	0	0	0
mmu-miR-5136	1	0	0	0	0	0
mmu-miR-493-5p	1	0	0	3	0	0
mmu-miR-493-3p	1	0	0	1	0	0
mmu-miR-7673-5p	0	0	0	1	0	0
mmu-miR-7673-3p	1	0	0	0	0	0
mmu-miR-3620-5p	1	0	0	0	0	0
mmu-miR-3620-3p	0	0	0	0	1	0
mmu-miR-6375	1	0	0	0	0	0
mmu-miR-5106	1	0	0	0	0	0
mmu-miR-1894-5p	1	0	0	0	0	0
mmu-miR-6999-3p	1	0	0	0	0	0
mmu-miR-7005-3p	1	0	0	1	1	0
mmu-miR-12187-3p	1	0	0	0	0	0
mmu-miR-497b	1	0	0	0	0	0
mmu-miR-7678-3p	2	0	0	0	0	0
mmu-miR-466l-3p	1	0	0	0	0	0
mmu-miR-6947-3p	1	0	0	0	0	0
mmu-miR-3100-3p	1	0	0	1	1	0
mmu-miR-873b	1	0	0	0	0	0
mmu-miR-743b-5p	1	0	0	0	0	0
mmu-miR-7024-3p	1	0	0	0	0	0
mmu-miR-7024-5p	0	0	0	1	1	0
mmu-miR-692	2	0	0	1	0	0
mmu-miR-7665-3p	1	0	0	0	0	0
mmu-miR-6918-5p	1	0	0	0	1	0
mmu-miR-374c-3p	0	0	0	0	1	0
mmu-miR-12185-3p	1	0	0	0	0	0
mmu-miR-6951-5p	2	0	0	1	2	0
mmu-miR-207	1	0	0	1	1	0
mmu-miR-7118-3p	0	0	0	1	1	0
mmu-miR-7233-5p	0	0	0	1	0	0
mmu-miR-6973a-3p	0	0	0	4	2	0
mmu-miR-1929-5p	0	0	0	1	0	0
mmu-miR-3112-5p	0	0	0	3	0	0
mmu-miR-12200-5p	0	0	0	1	0	0
mmu-miR-12204-5p	0	0	0	1	0	0
mmu-miR-12184-5p	0	0	0	2	0	0
mmu-miR-12184-3p	0	0	0	1	0	0
mmu-miR-7053-5p	0	0	0	1	0	0
mmu-miR-7053-3p	0	0	0	1	0	0
mmu-miR-7000-3p	0	0	0	1	0	0
mmu-miR-7680-5p	0	0	0	1	0	0
mmu-miR-7240-5p	0	0	0	1	0	0
mmu-miR-6413	0	0	0	1	0	0
mmu-miR-7685-5p	0	0	0	1	0	0
mmu-miR-8106	0	0	0	1	2	0
mmu-miR-5131	0	0	0	1	0	0
mmu-miR-216c-5p	0	0	0	1	0	0
mmu-miR-3067-3p	0	0	0	1	0	0
mmu-miR-5130	0	0	0	1	0	0
mmu-miR-7234-5p	0	0	0	1	0	0
mmu-miR-6931-3p	0	0	0	1	1	0
mmu-miR-880-3p	0	0	0	1	0	0
mmu-miR-6904-3p	0	0	0	1	0	0
mmu-miR-6904-5p	0	0	0	1	0	0
mmu-miR-5046	0	0	0	2	1	0
mmu-miR-703	0	0	0	1	0	0
mmu-miR-742-5p	0	0	0	1	0	0
mmu-miR-711	0	0	0	1	0	0
mmu-miR-7003-3p	0	0	0	1	0	0
mmu-miR-1971	0	0	0	1	0	0
mmu-miR-467h	0	0	0	1	0	0
mmu-miR-804	0	0	0	1	0	0
mmu-miR-719	0	0	0	1	0	0
mmu-miR-7014-3p	0	0	0	1	0	0
mmu-miR-5626-3p	0	0	0	1	0	0
mmu-miR-6950-3p	0	0	0	1	2	0
mmu-miR-6416-5p	0	0	0	1	0	0
mmu-miR-7656-5p	0	0	0	1	0	0
mmu-miR-7001-5p	0	0	0	0	2	0
mmu-miR-6917-3p	0	0	0	0	1	0
mmu-miR-6346	0	0	0	0	1	0
mmu-miR-883b-5p	0	0	0	0	1	0
mmu-miR-5622-5p	0	0	0	0	2	0
mmu-miR-3072-3p	0	0	0	0	2	0
mmu-miR-1928	0	0	0	0	1	0
mmu-miR-7214-5p	0	0	0	0	1	0
mmu-miR-8117	0	0	0	0	2	0
mmu-miR-7078-5p	0	0	0	0	1	0
mmu-miR-6966-3p	0	0	0	0	2	0
mmu-miR-7030-3p	0	0	0	0	1	0
mmu-miR-1963	0	0	0	0	1	0
mmu-miR-7216-3p	0	0	0	0	1	0
mmu-miR-7071-5p	0	0	0	0	1	0
mmu-miR-6358	0	0	0	0	1	0
mmu-miR-669k-5p	0	0	0	0	2	0
mmu-miR-6900-5p	0	0	0	0	1	0
mmu-miR-599	0	0	0	0	1	0
mmu-miR-669h-5p	0	0	0	0	2	0
mmu-miR-3073a-3p	0	0	0	0	1	0
mmu-miR-691	0	0	0	0	1	0
mmu-miR-8090	0	0	0	0	2	0
mmu-miR-7648-3p	0	0	0	0	1	0
mmu-miR-7051-5p	0	0	0	0	1	0
mmu-miR-5112	0	0	0	0	1	0
mmu-miR-6546-5p	0	0	0	0	1	0
mmu-miR-3104-3p	0	0	0	0	1	0
